100 5 20
-130.241 0.72814
-130.241 0.72814
-123.332 1.20843
-123.332 1.20843
-116.59 1.48005
-116.59 1.48005
-110.019 1.66845
-110.019 1.66845
-103.621 1.81158
-103.621 1.81158
-97.4003 1.92543
-97.4003 1.92543
-91.363 2.01853
-91.363 2.01853
-85.5154 2.09603
-85.5154 2.09603
-79.8659 2.16114
-79.8659 2.16114
-74.4256 2.2157
-74.4256 2.2157
-69.2102 2.26014
-69.2102 2.26014
-64.2426 2.29245
-64.2424 2.29252
-59.562 2.30418
-59.5573 2.30614
-55.2668 2.25206
-55.2006 2.29029
-51.7072 1.93889
-51.1542 2.26835
-48.768 2.01018
-47.1735 2.3115
-45.0606 2.3205
-42.9603 2.38366
-40.7376 2.4096
-38.4543 2.43241
-36.1089 2.44824
-33.7124 2.46041
-31.2709 2.46968
-28.7899 2.47688
-26.2743 2.48252
-23.7281 2.48697
-21.1554 2.49051
-18.5595 2.49332
-15.9438 2.49555
-13.3114 2.4973
-10.6654 2.49866
-8.00842 2.49966
-5.3434 2.50035
-2.67303 2.50076
-1.48872e-14 2.5009
2.67303 2.50076
5.3434 2.50035
8.00842 2.49966
10.6654 2.49866
13.3114 2.4973
15.9438 2.49555
18.5595 2.49332
21.1554 2.49051
23.7281 2.48697
26.2743 2.48252
28.7899 2.47688
31.2709 2.46968
33.7124 2.46041
36.1089 2.44824
38.4543 2.43241
40.7376 2.4096
42.9603 2.38366
45.0606 2.3205
47.1735 2.3115
48.768 2.01018
51.1542 2.26835
51.7072 1.93889
55.2006 2.29029
55.2668 2.25206
59.5573 2.30614
59.562 2.30418
64.2424 2.29252
64.2426 2.29245
69.2102 2.26014
69.2102 2.26014
74.4256 2.2157
74.4256 2.2157
79.8659 2.16114
79.8659 2.16114
85.5154 2.09603
85.5154 2.09603
91.363 2.01853
91.363 2.01853
97.4003 1.92543
97.4003 1.92543
103.621 1.81158
103.621 1.81158
110.019 1.66845
110.019 1.66845
116.59 1.48005
116.59 1.48005
123.332 1.20843
123.332 1.20843
130.241 0.72814
130.241 0.72814
