100 1 20
-50.3831 0.438046
-50.049 0.730648
-49.5738 0.94983
-49.0249 1.10965
-48.4162 1.23778
-47.7583 1.34562
-47.058 1.4382
-46.3203 1.51849
-45.5491 1.5886
-44.7476 1.65015
-43.9183 1.70444
-43.0634 1.75256
-42.1848 1.79539
-41.2842 1.83369
-40.363 1.86808
-39.4224 1.8991
-38.4638 1.9272
-37.4881 1.95275
-36.4963 1.97607
-35.4893 1.99743
-34.4681 2.01706
-33.4332 2.03515
-32.3856 2.05187
-31.3258 2.06734
-30.2546 2.0817
-29.1725 2.09504
-28.0802 2.10745
-26.9781 2.11899
-25.8669 2.12975
-24.747 2.13976
-23.619 2.14909
-22.4833 2.15777
-21.3404 2.16584
-20.1907 2.17334
-19.0348 2.18028
-17.8729 2.1867
-16.7055 2.19262
-15.533 2.19806
-14.3559 2.20303
-13.1744 2.20756
-11.989 2.21165
-10.8001 2.21532
-9.60803 2.21857
-8.41313 2.22142
-7.21578 2.22388
-6.01633 2.22595
-4.81515 2.22763
-3.61257 2.22894
-2.40896 2.22987
-1.20465 2.23043
4.15907e-15 2.23061
1.20465 2.23043
2.40896 2.22987
3.61257 2.22894
4.81515 2.22763
6.01633 2.22595
7.21578 2.22388
8.41313 2.22142
9.60803 2.21857
10.8001 2.21532
11.989 2.21165
13.1744 2.20756
14.3559 2.20303
15.533 2.19806
16.7055 2.19262
17.8729 2.1867
19.0348 2.18028
20.1907 2.17334
21.3404 2.16584
22.4833 2.15777
23.619 2.14909
24.747 2.13976
25.8669 2.12975
26.9781 2.11899
28.0802 2.10745
29.1725 2.09504
30.2546 2.0817
31.3258 2.06734
32.3856 2.05187
33.4332 2.03515
34.4681 2.01706
35.4893 1.99743
36.4963 1.97607
37.4881 1.95275
38.4638 1.9272
39.4224 1.8991
40.363 1.86808
41.2842 1.83369
42.1848 1.79539
43.0634 1.75256
43.9183 1.70444
44.7476 1.65015
45.5491 1.5886
46.3203 1.51849
47.058 1.4382
47.7583 1.34562
48.4162 1.23778
49.0249 1.10965
49.5738 0.94983
50.049 0.730648
50.3831 0.438046
