0 6.66134e-16
0.01 5.47289e-05
0.02 0.00019632
0.03 0.000412052
0.04 0.000695241
0.05 0.0010413
0.06 0.00144678
0.07 0.00190893
0.08 0.00242551
0.09 0.00299466
0.1 0.00361478
0.11 0.00428454
0.12 0.00500277
0.13 0.0057685
0.14 0.00658085
0.15 0.00743913
0.16 0.0083427
0.17 0.00929105
0.18 0.0102838
0.19 0.0113205
0.2 0.012401
0.21 0.0135251
0.22 0.0146927
0.23 0.0159036
0.24 0.017158
0.25 0.0184559
0.26 0.0197975
0.27 0.0211829
0.28 0.0226124
0.29 0.0240863
0.3 0.025605
0.31 0.0271689
0.32 0.0287786
0.33 0.0304345
0.34 0.0321373
0.35 0.0338876
0.36 0.0356862
0.37 0.0375339
0.38 0.0394316
0.39 0.0413802
0.4 0.0433807
0.41 0.0454341
0.42 0.0475418
0.43 0.0497048
0.44 0.0519246
0.45 0.0542026
0.46 0.0565402
0.47 0.0589392
0.48 0.0614012
0.49 0.063928
0.5 0.0665217
0.51 0.0691843
0.52 0.0719181
0.53 0.0747253
0.54 0.0776086
0.55 0.0805706
0.56 0.0836142
0.57 0.0867424
0.58 0.0899586
0.59 0.0932661
0.6 0.0966687
0.61 0.10017
0.62 0.103775
0.63 0.107488
0.64 0.111314
0.65 0.115258
0.66 0.119325
0.67 0.123522
0.68 0.127855
0.69 0.132332
0.7 0.136959
0.71 0.141745
0.72 0.1467
0.73 0.151831
0.74 0.157151
0.75 0.16267
0.76 0.1684
0.77 0.174355
0.78 0.18055
0.79 0.187
0.8 0.193724
0.81 0.20074
0.82 0.20807
0.83 0.215736
0.84 0.223765
0.85 0.232186
0.86 0.241029
0.87 0.250329
0.88 0.260125
0.89 0.270461
0.9 0.281383
0.91 0.292946
0.92 0.305208
0.93 0.318236
0.94 0.332102
0.95 0.346888
0.96 0.362684
0.97 0.379587
0.98 0.397705
0.99 0.417152
1 0.438046
1.01 0.460511
1.02 0.48466
1.03 0.510597
1.04 0.53839
1.05 0.568057
1.06 0.599532
1.07 0.632627
1.08 0.666988
1.09 0.702053
1.1 0.737022
1.11 0.77087
1.12 0.802409
1.13 0.830425
1.14 0.853866
1.15 0.872038
1.16 0.884732
1.17 0.892244
1.18 0.895266
1.19 0.894718
1.2 0.891568
1.21 0.886695
1.22 0.880818
1.23 0.874477
1.24 0.868046
1.25 0.861765
1.26 0.855774
1.27 0.850142
1.28 0.844896
1.29 0.840031
1.3 0.835527
1.31 0.831358
1.32 0.827494
1.33 0.823904
1.34 0.820561
1.35 0.817438
1.36 0.814513
1.37 0.811765
1.38 0.809177
1.39 0.806733
1.4 0.804421
1.41 0.802229
1.42 0.800145
1.43 0.798163
1.44 0.796273
1.45 0.794469
1.46 0.792745
1.47 0.791095
1.48 0.789515
1.49 0.787999
1.5 0.786545
1.51 0.785147
1.52 0.783803
1.53 0.78251
1.54 0.781265
1.55 0.780065
1.56 0.778908
1.57 0.777792
1.58 0.776714
1.59 0.775673
1.6 0.774667
1.61 0.773694
1.62 0.772753
1.63 0.771841
1.64 0.770959
1.65 0.770104
1.66 0.769274
1.67 0.76847
1.68 0.76769
1.69 0.766933
1.7 0.766198
1.71 0.765484
1.72 0.76479
1.73 0.764116
1.74 0.76346
1.75 0.762822
1.76 0.762201
1.77 0.761597
1.78 0.761008
1.79 0.760435
1.8 0.759877
1.81 0.759333
1.82 0.758803
1.83 0.758285
1.84 0.757781
1.85 0.757289
1.86 0.756809
1.87 0.75634
1.88 0.755882
1.89 0.755435
1.9 0.754998
1.91 0.754572
1.92 0.754155
1.93 0.753747
1.94 0.753349
1.95 0.752959
1.96 0.752578
1.97 0.752205
1.98 0.751841
1.99 0.751484
2 0.751134
2.01 0.750792
2.02 0.750457
2.03 0.750129
2.04 0.749807
2.05 0.749492
2.06 0.749184
2.07 0.748881
2.08 0.748585
2.09 0.748294
2.1 0.748009
2.11 0.74773
2.12 0.747455
2.13 0.747186
2.14 0.746923
2.15 0.746664
2.16 0.74641
2.17 0.74616
2.18 0.745915
2.19 0.745675
2.2 0.745439
2.21 0.745207
2.22 0.744979
2.23 0.744755
2.24 0.744535
2.25 0.744319
2.26 0.744107
2.27 0.743899
2.28 0.743694
2.29 0.743492
2.3 0.743294
2.31 0.743099
2.32 0.742907
2.33 0.742719
2.34 0.742533
2.35 0.742351
2.36 0.742172
2.37 0.741995
2.38 0.741821
2.39 0.741651
2.4 0.741482
2.41 0.741317
2.42 0.741154
2.43 0.740993
2.44 0.740835
2.45 0.74068
2.46 0.740526
2.47 0.740375
2.48 0.740227
2.49 0.74008
2.5 0.739936
2.51 0.739794
2.52 0.739654
2.53 0.739516
2.54 0.73938
2.55 0.739246
2.56 0.739114
2.57 0.738984
2.58 0.738855
2.59 0.738729
2.6 0.738604
2.61 0.738481
2.62 0.73836
2.63 0.73824
2.64 0.738122
2.65 0.738006
2.66 0.737891
2.67 0.737778
2.68 0.737666
2.69 0.737556
2.7 0.737447
2.71 0.73734
2.72 0.737234
2.73 0.73713
2.74 0.737027
2.75 0.736925
2.76 0.736825
2.77 0.736725
2.78 0.736628
2.79 0.736531
2.8 0.736436
2.81 0.736341
2.82 0.736248
2.83 0.736157
2.84 0.736066
2.85 0.735976
2.86 0.735888
2.87 0.7358
2.88 0.735714
2.89 0.735629
2.9 0.735545
2.91 0.735462
2.92 0.735379
2.93 0.735298
2.94 0.735218
2.95 0.735139
2.96 0.73506
2.97 0.734983
2.98 0.734906
2.99 0.734831
3 0.734756
