 9.05158e-09 -1.84002e-25 -1.93937e-07  5.10403e-24  1.40406e-06 -3.86333e-23  -5.0489e-06  1.60965e-22  9.56573e-06   -4.392e-22 -8.60106e-06  7.89935e-22  1.86235e-06 -8.40851e-22  1.29178e-06  3.56643e-22 -1.76121e-07  1.45879e-22 -8.20011e-08 -1.56678e-22 -2.82882e-09
-1.84002e-25  2.87511e-07 -3.03602e-24 -3.29169e-06  5.21035e-23  1.67493e-05  -2.9988e-22 -4.47061e-05  1.06975e-21   6.1572e-05 -2.64596e-21 -3.43589e-05  4.32574e-21 -3.19143e-06 -4.02354e-21  5.52596e-06  1.36757e-21  6.55051e-07  5.12836e-22 -1.10826e-07 -3.09521e-22
-1.93937e-07 -3.03602e-24  4.24929e-06 -2.39915e-23 -3.16752e-05  2.77854e-22  0.000118321 -1.29306e-21 -0.000235746  4.22318e-21  0.000227578 -9.89383e-21 -5.82927e-05  1.47395e-20 -3.59705e-05 -1.16546e-20  6.63912e-06  3.12502e-21    2.676e-06  8.31096e-22  7.98647e-08
 5.10403e-24 -3.29169e-06 -2.39915e-23  3.88062e-05 -1.07189e-22 -0.000205175  8.66124e-22  0.000576009 -3.56438e-21 -0.000849818  1.18876e-20  0.000529574 -2.75156e-20  2.60191e-05  3.65803e-20 -9.46844e-05 -2.36679e-20 -8.91514e-06   5.4398e-21  2.44089e-06  2.67285e-22
 1.40406e-06  5.21035e-23 -3.16752e-05 -1.07189e-22  0.000245359 -2.62833e-22   -0.0009641  1.40246e-21    0.0020557 -6.54056e-21    -0.002188  2.71034e-20  0.000703352 -6.26475e-20  0.000352765  7.01827e-20 -9.83805e-05  -3.5158e-20 -3.24772e-05  8.30703e-21  -6.5396e-07
-3.86333e-23  1.67493e-05  2.77854e-22 -0.000205175 -2.62833e-22   0.00114113  -1.4345e-22  -0.00342695 -5.90047e-22   0.00554803 -7.59723e-21  -0.00401596  5.63349e-20  9.85691e-05  -1.2258e-19   0.00080146  1.05109e-19  4.01135e-05 -3.61547e-20 -2.80952e-05   1.0008e-20
 -5.0489e-06  -2.9988e-22  0.000118321  8.66124e-22   -0.0009641  -1.4345e-22   0.00405185  1.63235e-21  -0.00946167 -1.21537e-20    0.0114847 -1.76271e-21  -0.00489296  1.12219e-19  -0.00173953 -2.05412e-19   0.00084909   1.1672e-19  0.000217243 -1.55857e-20  1.48066e-07
 1.60965e-22 -4.47061e-05 -1.29306e-21  0.000576009  1.40246e-21  -0.00342695  1.63235e-21    0.0112646  9.06611e-21   -0.0206632 -5.25341e-20    0.0182188  2.23853e-20  -0.00258701  2.03509e-19  -0.00401705 -2.84535e-19  0.000120695  7.64832e-20  0.000204676  2.16351e-20
 9.56573e-06  1.06975e-21 -0.000235746 -3.56438e-21    0.0020557 -5.90047e-22  -0.00946167  9.06611e-21    0.0249914  3.41924e-20   -0.0361856 -1.69606e-19    0.0215754  8.66235e-20    0.0038051  3.10631e-19  -0.00467923 -3.27015e-19 -0.000832575 -1.52992e-20  3.81532e-05
  -4.392e-22   6.1572e-05  4.22318e-21 -0.000849818 -6.54056e-21   0.00554803 -1.21537e-20   -0.0206632  3.41924e-20    0.0449919  1.07559e-19    -0.051406 -4.38668e-19    0.0171468  1.98376e-19    0.0117961  3.84065e-19  -0.00240964 -3.77947e-19 -0.000984527 -8.62838e-20
-8.60106e-06 -2.64596e-21  0.000227578  1.18876e-20    -0.002188 -7.59723e-21    0.0114847 -5.25341e-20   -0.0361856  1.07559e-19    0.0669201  2.78095e-19   -0.0598991 -8.85441e-19   0.00397101  3.13315e-19    0.0162791  3.95675e-19   0.00124111 -5.55764e-19  -0.00034912
 7.89935e-22 -3.43589e-05 -9.89383e-21  0.000529574  2.71034e-20  -0.00401596 -1.76271e-21    0.0182188 -1.69606e-19    -0.051406  2.78095e-19      0.08421  5.77896e-19   -0.0577839 -1.34759e-18   -0.0140455  4.52889e-19    0.0133765  3.63192e-19    0.0029305 -7.02859e-19
 1.86235e-06  4.32574e-21 -5.82927e-05 -2.75156e-20  0.000703352  5.63349e-20  -0.00489296  2.23853e-20    0.0215754 -4.38668e-19   -0.0598991  5.77896e-19    0.0928727  9.85133e-19   -0.0458698 -1.40112e-18   -0.0299751  1.02516e-18   0.00451429  2.46264e-19   0.00164924
-8.40851e-22 -3.19143e-06  1.47395e-20  2.60191e-05 -6.26475e-20  9.85691e-05  1.12219e-19  -0.00258701  8.66235e-20    0.0171468 -8.85441e-19   -0.0577839  9.85133e-19    0.0946511  1.49124e-18   -0.0270581 -3.73763e-19   -0.0364493  2.58005e-18  -0.00333433 -2.14564e-22
 1.29178e-06 -4.02354e-21 -3.59705e-05  3.65803e-20  0.000352765  -1.2258e-19  -0.00173953  2.03509e-19    0.0038051  1.98376e-19   0.00397101 -1.34759e-18   -0.0458698  1.49124e-18     0.095588  2.28427e-18   -0.0026886  2.44625e-18   -0.0288614   4.2782e-18  -0.00418533
 3.56643e-22  5.52596e-06 -1.16546e-20 -9.46844e-05  7.01827e-20   0.00080146 -2.05412e-19  -0.00401705  3.10631e-19    0.0117961  3.13315e-19   -0.0140455 -1.40112e-18   -0.0270581  2.28427e-18     0.101526  3.83337e-18    0.0254111  6.58178e-18   -0.0114821  3.70138e-18
-1.76121e-07  1.36757e-21  6.63912e-06 -2.36679e-20 -9.83805e-05  1.05109e-19   0.00084909 -2.84535e-19  -0.00467923  3.84065e-19    0.0162791  4.52889e-19   -0.0299751 -3.73763e-19   -0.0026886  3.83337e-18     0.111951  6.43288e-18    0.0472697  8.81226e-18   0.00148171
 1.45879e-22  6.55051e-07  3.12502e-21 -8.91514e-06  -3.5158e-20  4.01135e-05   1.1672e-19  0.000120695 -3.27015e-19  -0.00240964  3.95675e-19    0.0133765  1.02516e-18   -0.0364493  2.44625e-18    0.0254111  6.43288e-18     0.114371  8.84463e-18    0.0470037  6.01056e-18
-8.20011e-08  5.12836e-22    2.676e-06   5.4398e-21 -3.24772e-05 -3.61547e-20  0.000217243  7.64832e-20 -0.000832575 -3.77947e-19   0.00124111  3.63192e-19   0.00451429  2.58005e-18   -0.0288614  6.58178e-18    0.0472697  8.84463e-18    0.0917571  8.09697e-18    0.0244289
-1.56678e-22 -1.10826e-07  8.31096e-22  2.44089e-06  8.30703e-21 -2.80952e-05 -1.55857e-20  0.000204676 -1.52992e-20 -0.000984527 -5.55764e-19    0.0029305  2.46264e-19  -0.00333433   4.2782e-18   -0.0114821  8.81226e-18    0.0470037  8.09697e-18    0.0477764  3.79246e-18
-2.82882e-09 -3.09521e-22  7.98647e-08  2.67285e-22  -6.5396e-07   1.0008e-20  1.48066e-07  2.16351e-20  3.81532e-05 -8.62838e-20  -0.00034912 -7.02859e-19   0.00164924 -2.14564e-22  -0.00418533  3.70138e-18   0.00148171  6.01056e-18    0.0244289  3.79246e-18    0.0116463
