 4.18071e-12  1.25053e-25 -1.59793e-10 -4.43712e-24  2.20227e-09  4.81731e-23  -1.6481e-08 -2.99836e-22  7.44299e-08  1.23041e-21 -2.05549e-07 -3.45564e-21  3.27555e-07  6.63745e-21 -2.50904e-07 -8.44497e-21  3.99571e-08  6.55128e-21  2.26805e-08 -2.48867e-21 -9.43598e-10
 1.25053e-25  2.32479e-10  2.32228e-24 -4.83862e-09 -5.23802e-23  4.81051e-08  4.27807e-22  -2.7832e-07 -2.13226e-21  9.87156e-07  7.15593e-21 -2.10122e-06 -1.64665e-20  2.40985e-06  2.56506e-20 -1.05125e-06 -2.57932e-20 -1.34862e-07  1.48064e-20  7.51277e-08 -3.20319e-21
-1.59793e-10  2.32228e-24  6.11383e-09  2.15914e-23 -8.44067e-08 -3.40064e-22  6.33347e-07  2.16441e-21 -2.87124e-06  -8.7425e-21  7.96959e-06   2.3888e-20 -1.27675e-05 -4.43059e-20  9.76677e-06  5.45991e-20 -1.37771e-06 -4.18561e-20 -1.00468e-06  1.63825e-20  3.11443e-08
-4.43712e-24 -4.83862e-09  2.15914e-23  1.00889e-07  1.23248e-22   -1.006e-06 -1.43574e-21  5.84682e-06   7.3102e-21  -2.0874e-05 -2.38843e-20  4.48205e-05  5.16758e-20  -5.1873e-05 -7.36818e-20  2.24407e-05  6.77189e-20  3.67203e-06 -3.66402e-20 -1.77608e-06  7.79421e-21
 2.20227e-09 -5.23802e-23 -8.44067e-08  1.23248e-22  1.16888e-06  4.76078e-22 -8.81399e-06 -4.33826e-21  4.02574e-05  1.80205e-20 -0.000112952 -4.59505e-20  0.000183574  7.15361e-20 -0.000142457 -6.69563e-20  1.86364e-05  3.70613e-20  1.66391e-05 -1.06058e-20 -4.04606e-07
 4.81731e-23  4.81051e-08 -3.40064e-22   -1.006e-06  4.76078e-22   1.0082e-05   1.3707e-21 -5.90653e-05  -1.0597e-20  0.000213419  3.55489e-20 -0.000466261 -6.15243e-20  0.000552301  4.46333e-20 -0.000243991  3.68007e-21   -4.621e-05 -2.01587e-20  2.17299e-05  5.69813e-21
 -1.6481e-08  4.27807e-22  6.33347e-07 -1.43574e-21 -8.81399e-06   1.3707e-21  6.70053e-05  3.47506e-21 -0.000309943 -2.42434e-20  0.000886283   5.7795e-20  -0.00148058 -3.38903e-20   0.00119298 -6.97077e-20  -0.00016017  1.11065e-19 -0.000158541 -4.73575e-20  3.64477e-06
-2.99836e-22  -2.7832e-07  2.16441e-21  5.84682e-06 -4.33826e-21 -5.90653e-05  3.47506e-21  0.000350515  9.04372e-21  -0.00129187  -4.9837e-20   0.00290746  4.50176e-20  -0.00359787  1.37027e-19   0.00169666 -2.88304e-19  0.000332525  1.99027e-19 -0.000174115 -3.00194e-20
 7.44299e-08 -2.13226e-21 -2.87124e-06   7.3102e-21  4.02574e-05  -1.0597e-20 -0.000309943  9.04372e-21   0.00146278  2.08768e-20  -0.00431355 -4.95747e-20   0.00754854 -1.91691e-19  -0.00653219  6.18824e-19   0.00105136 -5.40144e-19  0.000992272   2.6293e-19 -3.00221e-05
 1.23041e-21  9.87156e-07  -8.7425e-21  -2.0874e-05  1.80205e-20  0.000213419 -2.42434e-20  -0.00129187  2.08768e-20   0.00491175  2.25073e-20   -0.0115939   1.9005e-19    0.0154395 -1.06882e-18  -0.00827428  1.38073e-18  -0.00140664 -5.84814e-19   0.00101086  2.98253e-19
-2.05549e-07  7.15593e-21  7.96959e-06 -2.38843e-20 -0.000112952  3.55489e-20  0.000886283  -4.9837e-20  -0.00431355  2.25073e-20    0.0133457 -8.30764e-20   -0.0251516  1.21196e-18    0.0245328 -2.92362e-18  -0.00559236  1.76906e-18  -0.00426838  -1.9269e-19  0.000229874
-3.45564e-21 -2.10122e-06   2.3888e-20  4.48205e-05 -4.59505e-20 -0.000466261   5.7795e-20   0.00290746 -4.95747e-20   -0.0115939 -8.30764e-20    0.0294783 -5.60462e-19   -0.0441275  3.77394e-18    0.0292237 -5.31391e-18    0.0027115  9.23805e-19  -0.00443991  3.37234e-19
 3.27555e-07 -1.64665e-20 -1.27675e-05  5.16758e-20  0.000183574 -6.15243e-20  -0.00148058  4.50176e-20   0.00754854   1.9005e-19   -0.0251516 -5.60462e-19    0.0532449 -1.84756e-18   -0.0627928  8.16899e-18    0.0232771 -6.88862e-18    0.0122511 -7.10801e-19  -0.00144989
 6.63745e-21  2.40985e-06 -4.43059e-20  -5.1873e-05  7.15361e-20  0.000552301 -3.38903e-20  -0.00359787 -1.91691e-19    0.0154395  1.21196e-18   -0.0441275 -1.84756e-18    0.0794907 -4.26601e-18   -0.0728355  1.31881e-17   0.00523557 -6.53033e-18    0.0146371 -1.29446e-18
-2.50904e-07  2.56506e-20  9.76677e-06 -7.36818e-20 -0.000142457  4.46333e-20   0.00119298  1.37027e-19  -0.00653219 -1.06882e-18    0.0245328  3.77394e-18   -0.0627928 -4.26601e-18     0.100234 -7.33083e-18   -0.0690247  1.59316e-17   -0.0182928 -4.46717e-18   0.00693842
-8.44497e-21 -1.05125e-06  5.45991e-20  2.24407e-05 -6.69563e-20 -0.000243991 -6.97077e-20   0.00169666  6.18824e-19  -0.00827428 -2.92362e-18    0.0292237  8.16899e-18   -0.0728355 -7.33083e-18     0.111452  -9.3576e-18   -0.0509491  1.39163e-17   -0.0327205 -1.93752e-18
 3.99571e-08 -2.57932e-20 -1.37771e-06  6.77189e-20  1.86364e-05  3.68007e-21  -0.00016017 -2.88304e-19   0.00105136  1.38073e-18  -0.00559236 -5.31391e-18    0.0232771  1.31881e-17   -0.0690247  -9.3576e-18     0.118232 -8.70193e-18    -0.018061  8.12202e-18   -0.0236671
 6.55128e-21 -1.34862e-07 -4.18561e-20  3.67203e-06  3.70613e-20   -4.621e-05  1.11065e-19  0.000332525 -5.40144e-19  -0.00140664  1.76906e-18    0.0027115 -6.88862e-18   0.00523557  1.59316e-17   -0.0509491 -8.70193e-18     0.131845 -5.86014e-18    0.0254113  2.58446e-18
 2.26805e-08  1.48064e-20 -1.00468e-06 -3.66402e-20  1.66391e-05 -2.01587e-20 -0.000158541  1.99027e-19  0.000992272 -5.84814e-19  -0.00426838  9.23805e-19    0.0122511 -6.53033e-18   -0.0182928  1.39163e-17    -0.018061 -5.86014e-18     0.151421 -3.00828e-18    0.0467803
-2.48867e-21  7.51277e-08  1.63825e-20 -1.77608e-06 -1.06058e-20  2.17299e-05 -4.73575e-20 -0.000174115   2.6293e-19   0.00101086  -1.9269e-19  -0.00443991 -7.10801e-19    0.0146371 -4.46717e-18   -0.0327205  8.12202e-18    0.0254113 -3.00828e-18     0.139196 -1.19134e-18
-9.43598e-10 -3.20319e-21  3.11443e-08  7.79421e-21 -4.04606e-07  5.69813e-21  3.64477e-06 -3.00194e-20 -3.00221e-05  2.98253e-19  0.000229874  3.37234e-19  -0.00144989 -1.29446e-18   0.00693842 -1.93752e-18   -0.0236671  2.58446e-18    0.0467803 -1.19134e-18    0.0652569
