 2.47959e-07  1.57221e-21 -4.37162e-06 -9.07386e-20  2.72884e-05  4.79218e-19 -8.70701e-05 -1.20541e-18  0.000141422  1.40452e-18 -7.18374e-05  2.22423e-19  -6.6588e-05 -2.27033e-18  1.17609e-05  1.43555e-18    2.118e-05  1.49737e-19  6.68736e-06  -2.1711e-19  6.22451e-07
 1.57221e-21  6.36831e-06  9.28558e-20 -6.07654e-05 -9.85795e-19  0.000267365  3.70085e-18 -0.000619043 -7.71577e-18  0.000646241  8.70654e-18  3.31991e-05 -3.24592e-18   -0.0003421 -1.74783e-18 -0.000166867  3.96984e-19 -2.66443e-05 -2.23623e-19 -2.36246e-07 -8.25206e-20
-4.37162e-06  9.28558e-20  7.70946e-05  4.05127e-19 -0.000481591  -3.0377e-18   0.00153913  8.68782e-18  -0.00250934 -1.39624e-17   0.00129341  1.04744e-17   0.00117695  2.36818e-19 -0.000238925 -2.15534e-18  -0.00039689 -1.40773e-18 -0.000124629 -3.96821e-19 -1.15972e-05
-9.07386e-20 -6.07654e-05  4.05127e-19  0.000580307  1.10944e-18  -0.00255864 -6.27307e-18   0.00595226  1.42877e-17  -0.00629628 -1.75136e-17 -0.000192316  6.25349e-18   0.00338647  5.26897e-18   0.00158562  -1.3457e-18  0.000225188 -1.39625e-18 -5.61539e-06 -2.02462e-19
 2.72884e-05 -9.85795e-19 -0.000481591  1.10944e-18   0.00301502  2.28375e-18  -0.00968518 -9.75961e-18    0.0159877  1.92815e-17  -0.00868381 -1.72414e-17   -0.0072013  6.23144e-20    0.0020826  3.99406e-18   0.00280257 -2.45628e-19  0.000853356 -4.62307e-19  7.83075e-05
 4.79218e-19  0.000267365  -3.0377e-18  -0.00255864  2.28375e-18    0.0113405  3.05977e-18   -0.0267026 -1.24155e-17    0.0292179  2.14696e-17 -0.000782631 -9.08821e-18   -0.0159644 -5.92061e-18   -0.0065698 -1.48021e-18 -0.000556017 -6.74298e-19  0.000126541 -1.14737e-19
-8.70701e-05  3.70085e-18   0.00153913 -6.27307e-18  -0.00968518  3.05977e-18    0.0314856  3.85072e-18   -0.0534915 -1.85783e-17    0.0325578  2.12769e-17    0.0213176  5.88139e-18   -0.0111497  -3.9365e-18   -0.0111068  -2.9561e-18  -0.00315722  -6.7981e-19 -0.000278795
-1.20541e-18 -0.000619043  8.68782e-18   0.00595226 -9.75961e-18   -0.0267026  3.85072e-18    0.0646293  7.92929e-18   -0.0761034 -3.13261e-17    0.0115378   1.5939e-17     0.041666  2.16587e-17    0.0115834  7.38128e-18  -0.00164092  8.97684e-19 -0.000936725  1.27883e-20
 0.000141422 -7.71577e-18  -0.00250934  1.42877e-17    0.0159877 -1.24155e-17   -0.0534915  7.92929e-18    0.0971031  1.65068e-17   -0.0736812 -4.37045e-17   -0.0254283  2.53324e-18    0.0369741  2.60002e-17    0.0258139  1.33753e-17   0.00635807   2.4985e-18  0.000505153
 1.40452e-18  0.000646241 -1.39624e-17  -0.00629628  1.92815e-17    0.0292179 -1.85783e-17   -0.0761034  1.65068e-17     0.106316  2.60132e-17   -0.0459009 -4.78317e-17   -0.0527874 -1.75194e-17   0.00611232  1.07138e-17    0.0136634  6.65344e-18   0.00345078  8.35904e-19
-7.18374e-05  8.70654e-18   0.00129341 -1.75136e-17  -0.00868381  2.14696e-17    0.0325578 -3.13261e-17   -0.0736812  2.60132e-17    0.0904261  3.28137e-17   -0.0191858 -4.56738e-17   -0.0642638 -3.73644e-17   -0.0258153 -8.99538e-18  -0.00340436 -5.76469e-19 -5.39184e-05
 2.22423e-19  3.31991e-05  1.04744e-17 -0.000192316 -1.72414e-17 -0.000782631  2.12769e-17    0.0115378 -4.37045e-17   -0.0459009  3.28137e-17    0.0736465  3.58399e-17  -0.00683183 -3.79438e-17   -0.0592673 -3.96481e-17   -0.0315268 -1.26388e-17    -0.005992 -1.23149e-18
 -6.6588e-05 -3.24592e-18   0.00117695  6.25349e-18   -0.0072013 -9.08821e-18    0.0213176   1.5939e-17   -0.0254283 -4.78317e-17   -0.0191858  3.58399e-17     0.069479  4.08658e-17    0.0122692 -1.41156e-17   -0.0282551 -1.91815e-17   -0.0142445  -4.9155e-18    -0.001715
-2.27033e-18   -0.0003421  2.36818e-19   0.00338647  6.23144e-20   -0.0159644  5.88139e-18     0.041666  2.53324e-18   -0.0527874 -4.56738e-17  -0.00683183  4.08658e-17    0.0805467  5.94395e-17    0.0498388  2.00965e-17   0.00926949  1.66849e-18  4.96282e-05 -1.15955e-19
 1.17609e-05 -1.74783e-18 -0.000238925  5.26897e-18    0.0020826 -5.92061e-18   -0.0111497  2.16587e-17    0.0369741 -1.75194e-17   -0.0642638 -3.79438e-17    0.0122692  5.94395e-17     0.106206  8.15241e-17    0.0761727  3.65009e-17    0.0221073  6.58688e-18   0.00209102
 1.43555e-18 -0.000166867 -2.15534e-18   0.00158562  3.99406e-18   -0.0065698  -3.9365e-18    0.0115834  2.60002e-17   0.00611232 -3.73644e-17   -0.0592673 -1.41156e-17    0.0498388  8.15241e-17     0.116845  7.84311e-17    0.0647673  2.69152e-17    0.0133787  2.83693e-18
   2.118e-05  3.96984e-19  -0.00039689  -1.3457e-18   0.00280257 -1.48021e-18   -0.0111068  7.38128e-18    0.0258139  1.07138e-17   -0.0258153 -3.96481e-17   -0.0282551  2.00965e-17    0.0761727  7.84311e-17    0.0885748  4.88906e-17    0.0330316  1.07409e-17   0.00364763
 1.49737e-19 -2.66443e-05 -1.40773e-18  0.000225188 -2.45628e-19 -0.000556017  -2.9561e-18  -0.00164092  1.33753e-17    0.0136634 -8.99538e-18   -0.0315268 -1.91815e-17   0.00926949  3.65009e-17    0.0647673  4.88906e-17     0.043686  1.92216e-17    0.0099675  2.18252e-18
 6.68736e-06 -2.23623e-19 -0.000124629 -1.39625e-18  0.000853356 -6.74298e-19  -0.00315722  8.97684e-19   0.00635807  6.65344e-18  -0.00340436 -1.26388e-17   -0.0142445  1.66849e-18    0.0221073  2.69152e-17    0.0330316  1.92216e-17    0.0134739  4.50054e-18   0.00155888
 -2.1711e-19 -2.36246e-07 -3.96821e-19 -5.61539e-06 -4.62307e-19  0.000126541  -6.7981e-19 -0.000936725   2.4985e-18   0.00345078 -5.76469e-19    -0.005992  -4.9155e-18  4.96282e-05  6.58688e-18    0.0133787  1.07409e-17    0.0099675  4.50054e-18   0.00237743    5.277e-19
 6.22451e-07 -8.25206e-20 -1.15972e-05 -2.02462e-19  7.83075e-05 -1.14737e-19 -0.000278795  1.27883e-20  0.000505153  8.35904e-19 -5.39184e-05 -1.23149e-18    -0.001715 -1.15955e-19   0.00209102  2.83693e-18   0.00364763  2.18252e-18   0.00155888    5.277e-19  0.000184568
