   0.0674967  2.22615e-11    0.0821207  1.27207e-11    0.0210128 -1.88432e-13   -0.0104884 -2.76217e-12  -0.00817733 -1.05469e-12  -0.00156038 -2.12871e-14  0.000428177   1.0937e-13   0.00031034  4.09998e-14  7.65022e-05  7.02083e-15  9.00587e-06  5.30903e-16  3.62164e-07
 2.22615e-11     0.129666  2.97765e-11    0.0860054  1.01619e-11   0.00710775  -2.9753e-12    -0.018158 -3.85485e-12   -0.0106121 -1.35119e-12  -0.00211337 -7.07532e-14  0.000385704  1.13022e-13  0.000333721  4.47159e-14  8.30253e-05  7.38561e-15  8.73555e-06    4.159e-16
   0.0821207  2.97765e-11     0.126431  2.43362e-11    0.0609343  5.67817e-12  -0.00324784 -4.09897e-12   -0.0200214 -4.09853e-12   -0.0115259 -1.57547e-12  -0.00293886 -2.25067e-13  -4.6932e-05  4.87618e-14    0.0001854    2.623e-14  4.73084e-05  3.76844e-15  3.41354e-06
 1.27207e-11    0.0860054  2.43362e-11    0.0938584  1.73689e-11    0.0423268   3.5365e-12  -0.00573148  -4.0256e-12   -0.0192717  -4.0509e-12   -0.0119914 -1.78202e-12  -0.00385901 -4.14235e-13 -0.000607505 -3.64637e-14   -8.367e-06  3.58939e-15  8.81785e-06  6.22252e-16
   0.0210128  1.01619e-11    0.0609343  1.73689e-11    0.0697168  1.35053e-11    0.0344439  3.05014e-12  -0.00451803 -3.48313e-12   -0.0173579 -3.79321e-12   -0.0117435 -1.84808e-12  -0.00433321 -5.24515e-13 -0.000941872 -8.54788e-14 -0.000110198  -6.6044e-15 -4.62256e-06
-1.88432e-13   0.00710775  5.67817e-12    0.0423268  1.35053e-11     0.057967  1.18121e-11    0.0319532  3.28626e-12  -0.00152052 -2.60273e-12    -0.014083 -3.19984e-12   -0.0101729 -1.63467e-12   -0.0038969 -4.76969e-13 -0.000857628  -7.6403e-14 -9.24275e-05 -4.56759e-15
  -0.0104884  -2.9753e-12  -0.00324784   3.5365e-12    0.0344439  1.18121e-11    0.0526415   1.1152e-11    0.0322662  4.01327e-12   0.00322268 -1.30093e-12  -0.00902466 -2.18618e-12  -0.00706873 -1.12654e-12  -0.00260667 -3.01972e-13 -0.000495607 -3.78463e-14 -3.38381e-05
-2.76217e-12    -0.018158 -4.09897e-12  -0.00573148  3.05014e-12    0.0319532   1.1152e-11    0.0507587  1.11736e-11    0.0349056  5.22457e-12   0.00975859  3.95947e-13  -0.00254553 -8.98278e-13  -0.00317686 -5.07734e-13  -0.00111848  -1.1737e-13 -0.000162591 -8.99693e-15
 -0.00817733 -3.85485e-12   -0.0200214  -4.0256e-12  -0.00451803  3.28626e-12    0.0322662  1.11736e-11     0.051581  1.17743e-11     0.039448  6.75831e-12    0.0170353  2.13994e-12   0.00368028  2.55688e-13  3.68546e-05 -4.56677e-14 -0.000140685 -1.48278e-14 -1.61935e-05
-1.05469e-12   -0.0106121 -4.09853e-12   -0.0192717 -3.48313e-12  -0.00152052  4.01327e-12    0.0349056  1.17743e-11    0.0544467  1.26863e-11    0.0442328  8.08301e-12    0.0225212  3.31168e-12   0.00741253  8.66525e-13   0.00150887  1.31749e-13  0.000158265  7.86711e-15
 -0.00156038 -1.35119e-12   -0.0115259  -4.0509e-12   -0.0173579 -2.60273e-12   0.00322268  5.22457e-12     0.039448  1.26863e-11    0.0574368  1.32624e-11    0.0461233  8.43251e-12    0.0235041  3.44392e-12   0.00760898  8.62441e-13    0.0014094  1.08517e-13  9.88233e-05
-2.12871e-14  -0.00211337 -1.57547e-12   -0.0119914 -3.79321e-12    -0.014083 -1.30093e-12   0.00975859  6.75831e-12    0.0442328  1.32624e-11    0.0571892  1.26618e-11    0.0422164  7.36324e-12    0.0193974  2.64721e-12   0.00532838  5.31368e-13  0.000717945  3.94341e-14
 0.000428177 -7.07532e-14  -0.00293886 -1.78202e-12   -0.0117435 -3.19984e-12  -0.00902466  3.95947e-13    0.0170353  8.08301e-12    0.0461233  1.26618e-11    0.0507554  1.04797e-11     0.032481  5.22356e-12    0.0125191  1.52262e-12   0.00264247  2.13972e-13  0.000203024
  1.0937e-13  0.000385704 -2.25067e-13  -0.00385901 -1.84808e-12   -0.0101729 -2.18618e-12  -0.00254553  2.13994e-12    0.0225212  8.43251e-12    0.0422164  1.04797e-11    0.0383462  7.22862e-12    0.0203359  2.93436e-12   0.00619131  6.42347e-13  0.000896847   5.0601e-14
  0.00031034  1.13022e-13  -4.6932e-05 -4.14235e-13  -0.00433321 -1.63467e-12  -0.00706873 -8.98278e-13   0.00368028  3.31168e-12    0.0235041  7.36324e-12     0.032481  7.22862e-12    0.0238127  4.02783e-12    0.0100689  1.26856e-12   0.00226723  1.88115e-13  0.000182088
 4.09998e-14  0.000333721  4.87618e-14 -0.000607505 -5.24515e-13   -0.0038969 -1.12654e-12  -0.00317686  2.55688e-13   0.00741253  3.44392e-12    0.0193974  5.22356e-12    0.0203359  4.02783e-12    0.0117985  1.76029e-12   0.00381866  4.05435e-13   0.00057699  3.30703e-14
 7.65022e-05  4.47159e-14    0.0001854 -3.64637e-14 -0.000941872 -4.76969e-13  -0.00260667 -5.07734e-13  3.68546e-05  8.66525e-13   0.00760898  2.64721e-12    0.0125191  2.93436e-12    0.0100689  1.76029e-12   0.00452147  5.82591e-13   0.00106081  8.93861e-14  8.76298e-05
 7.02083e-15  8.30253e-05    2.623e-14   -8.367e-06 -8.54788e-14 -0.000857628 -3.01972e-13  -0.00111848 -4.56677e-14   0.00150887  8.62441e-13   0.00532838  1.52262e-12   0.00619131  1.26856e-12   0.00381866  5.82591e-13   0.00128734  1.38784e-13  0.000200024  1.15849e-14
 9.00587e-06  7.38561e-15  4.73084e-05  3.58939e-15 -0.000110198  -7.6403e-14 -0.000495607  -1.1737e-13 -0.000140685  1.31749e-13    0.0014094  5.31368e-13   0.00264247  6.42347e-13   0.00226723  4.05435e-13   0.00106081  1.38784e-13  0.000255915   2.1791e-14  2.15486e-05
 5.30903e-16  8.73555e-06  3.76844e-15  8.81785e-06  -6.6044e-15 -9.24275e-05 -3.78463e-14 -0.000162591 -1.48278e-14  0.000158265  1.08517e-13  0.000717945  2.13972e-13  0.000896847  1.88115e-13   0.00057699  8.93861e-14  0.000200024   2.1791e-14  3.16806e-05  1.84813e-15
 3.62164e-07    4.159e-16  3.41354e-06  6.22252e-16 -4.62256e-06 -4.56759e-15 -3.38381e-05 -8.99693e-15 -1.61935e-05  7.86711e-15  9.88233e-05  3.94341e-14  0.000203024   5.0601e-14  0.000182088  3.30703e-14  8.76298e-05  1.15849e-14  2.15486e-05  1.84813e-15  1.83855e-06
