   0.0153392 -6.97308e-14    0.0397121 -9.86554e-14    0.0350645 -5.25508e-14   0.00788709  9.12378e-15   -0.0104566  2.80376e-14  -0.00949617  1.32052e-14  -0.00190276  -1.3055e-15   0.00162624 -4.00746e-15   0.00126337 -1.76998e-15  0.000355013 -3.08893e-16  3.25613e-05
-6.97308e-14    0.0569045  -1.8186e-13    0.0809667 -1.61675e-13    0.0435739 -3.72122e-14  -0.00728146  4.86394e-14   -0.0237474  4.64905e-14    -0.012319  1.23802e-14 -0.000318203 -4.87566e-15   0.00251538 -4.68603e-15   0.00119876  -1.3632e-15  0.000212605 -1.25719e-16
   0.0397121  -1.8186e-13     0.104061 -2.61548e-13    0.0944243 -1.46879e-13    0.0248376  1.56992e-14   -0.0258412  7.56347e-14   -0.0282349  4.66405e-14   -0.0107766  9.57747e-15 -0.000227292 -2.92004e-15   0.00131843  -2.1091e-15   0.00044894 -4.00777e-16  4.24699e-05
-9.86554e-14    0.0809667 -2.61548e-13     0.119062 -2.47582e-13    0.0728333 -8.24866e-14   0.00107983  5.12605e-14   -0.0318227  7.52676e-14   -0.0258518  4.26563e-14   -0.0110059  1.40612e-14  -0.00285054  2.88701e-15 -0.000469284  3.84359e-16 -4.95475e-05  2.76357e-17
   0.0350645 -1.61675e-13    0.0944243 -2.47582e-13    0.0966482 -1.75541e-13     0.044652 -3.70619e-14  -0.00728132  5.17072e-14   -0.0282756  6.73698e-14   -0.0247481  4.56262e-14   -0.0136148  2.06421e-14  -0.00502273  6.04618e-15  -0.00111235   9.2571e-16 -9.62222e-05
-5.25508e-14    0.0435739 -1.46879e-13    0.0728333 -1.75541e-13    0.0663505 -1.22278e-13    0.0329233 -3.14866e-14  -0.00430269  4.16679e-14   -0.0253037  6.48124e-14   -0.0249316   4.6787e-14   -0.0137772    1.993e-14  -0.00445433  4.69877e-15 -0.000705668   4.1139e-16
  0.00788709 -3.72122e-14    0.0248376 -8.24866e-14     0.044652 -1.22278e-13     0.053023 -1.10827e-13    0.0335653 -3.80362e-14  -0.00140855   3.5494e-14   -0.0224434  5.61132e-14   -0.0204291  3.54397e-14  -0.00943477  1.20219e-14  -0.00228342  1.92494e-15 -0.000199765
 9.12378e-15  -0.00728146  1.56992e-14   0.00107983 -3.70619e-14    0.0329233 -1.10827e-13    0.0522328 -1.12076e-13    0.0342432 -4.14555e-14   0.00214491  1.99889e-14   -0.0132249  3.12191e-14   -0.0103826  1.60597e-14  -0.00371833   3.9749e-15 -0.000595993  3.42509e-16
  -0.0104566  4.86394e-14   -0.0258412  5.12605e-14  -0.00728132 -3.14866e-14    0.0335653 -1.12076e-13    0.0515355  -1.1041e-13    0.0359624 -5.59318e-14    0.0129217 -1.30303e-14   0.00138899  6.41964e-16 -0.000601509  9.98256e-16 -0.000195981  1.43832e-16  -1.0813e-05
 2.80376e-14   -0.0237474  7.56347e-14   -0.0318227  5.17072e-14  -0.00430269 -3.80362e-14    0.0342432  -1.1041e-13      0.05197 -1.20494e-13    0.0452172 -8.77039e-14    0.0281387 -4.69544e-14    0.0128572 -1.79506e-14   0.00397319 -4.24759e-15  0.000655743 -3.98551e-16
 -0.00949617  4.64905e-14   -0.0282349  7.52676e-14   -0.0282756  4.16679e-14  -0.00140855 -4.14555e-14    0.0359624 -1.20494e-13    0.0600145  -1.4741e-13    0.0579551 -1.15488e-13    0.0370879 -6.00691e-14    0.0154404 -1.94735e-14   0.00371884 -3.19677e-15  0.000341262
 1.32052e-14    -0.012319  4.66405e-14   -0.0258518  6.73698e-14   -0.0253037   3.5494e-14   0.00214491 -5.59318e-14    0.0452172  -1.4741e-13    0.0711626  -1.6742e-13    0.0621632 -1.15274e-13    0.0339182 -4.94296e-14    0.0111742 -1.19794e-14   0.00183239 -1.09222e-15
 -0.00190276  1.23802e-14   -0.0107766  4.26563e-14   -0.0247481  6.48124e-14   -0.0224434  1.99889e-14    0.0129217 -8.77039e-14    0.0579551  -1.6742e-13      0.07298 -1.55619e-13    0.0522456 -8.70083e-14    0.0227355 -2.88947e-14   0.00552783 -4.73708e-15  0.000502597
 -1.3055e-15 -0.000318203  9.57747e-15   -0.0110059  4.56262e-14   -0.0249316  5.61132e-14   -0.0132249 -1.30303e-14    0.0281387 -1.15488e-13    0.0621632 -1.55619e-13    0.0600268 -1.13991e-13    0.0340388 -5.00237e-14    0.0113563  -1.2186e-14   0.00186183 -1.10642e-15
  0.00162624 -4.87566e-15 -0.000227292  1.40612e-14   -0.0136148   4.6787e-14   -0.0204291  3.12191e-14   0.00138899 -4.69544e-14    0.0370879 -1.15274e-13    0.0522456 -1.13991e-13    0.0388133 -6.51918e-14    0.0171203 -2.18109e-14   0.00417583 -3.57625e-15   0.00037888
-4.00746e-15   0.00251538 -2.92004e-15  -0.00285054  2.06421e-14   -0.0137772  3.54397e-14   -0.0103826  6.41964e-16    0.0128572 -6.00691e-14    0.0339182 -8.70083e-14    0.0340388 -6.51918e-14    0.0195689 -2.88449e-14   0.00655877 -7.04142e-15   0.00107562 -6.38687e-16
  0.00126337 -4.68603e-15   0.00131843  2.88701e-15  -0.00502273    1.993e-14  -0.00943477  1.60597e-14 -0.000601509 -1.79506e-14    0.0154404 -4.94296e-14    0.0227355 -5.00237e-14    0.0171203 -2.88449e-14   0.00758936 -9.67819e-15   0.00185376 -1.58753e-15   0.00016814
-1.76998e-15   0.00119876  -2.1091e-15 -0.000469284  6.04618e-15  -0.00445433  1.20219e-14  -0.00371833  9.98256e-16   0.00397319 -1.94735e-14    0.0111742 -2.88947e-14    0.0113563 -2.18109e-14   0.00655877 -9.67819e-15    0.0022021 -2.36493e-15  0.000361311 -2.14533e-16
 0.000355013  -1.3632e-15   0.00044894  3.84359e-16  -0.00111235  4.69877e-15  -0.00228342   3.9749e-15 -0.000195981 -4.24759e-15   0.00371884 -1.19794e-14   0.00552783  -1.2186e-14   0.00417583 -7.04142e-15   0.00185376 -2.36493e-15  0.000453123 -3.88135e-16  4.11171e-05
-3.08893e-16  0.000212605 -4.00777e-16 -4.95475e-05   9.2571e-16 -0.000705668  1.92494e-15 -0.000595993  1.43832e-16  0.000655743 -3.19677e-15   0.00183239 -4.73708e-15   0.00186183 -3.57625e-15   0.00107562 -1.58753e-15  0.000361311 -3.88135e-16  5.93189e-05 -3.52339e-17
 3.25613e-05 -1.25719e-16  4.24699e-05  2.76357e-17 -9.62222e-05   4.1139e-16 -0.000199765  3.42509e-16  -1.0813e-05 -3.98551e-16  0.000341262 -1.09222e-15  0.000502597 -1.10642e-15   0.00037888 -6.38687e-16   0.00016814 -2.14533e-16  4.11171e-05 -3.52339e-17   3.7344e-06
