 1.13743e-07 -6.50757e-22 -1.90845e-06  1.39568e-20  1.04835e-05 -8.57586e-20 -2.71906e-05  2.76664e-19  3.36374e-05  -5.3696e-19 -1.43171e-05  6.47886e-19 -3.94317e-06 -4.77086e-19  2.12099e-06  1.94623e-19  5.79367e-07 -3.02595e-20 -9.34252e-09 -2.56141e-21 -6.21528e-09
-6.50757e-22  2.85908e-06 -7.85562e-21 -2.55106e-05  1.10963e-19  9.74956e-05 -5.16521e-19 -0.000183225  1.31651e-18  0.000152765  -2.0381e-18 -1.95612e-05   1.9638e-18  -2.7362e-05 -1.15707e-18  5.88132e-07  3.72228e-19  1.83457e-06 -4.11197e-20  1.84063e-07 -3.89334e-21
-1.90845e-06 -7.85562e-21  3.33365e-05 -5.08785e-20 -0.000192753  5.20448e-19  0.000534228 -1.88988e-18 -0.000723813  3.80893e-18  0.000363538 -4.62947e-18  7.39548e-05  3.50133e-18 -6.23368e-05 -1.64562e-18 -1.40812e-05  4.19153e-19  8.96738e-07 -3.78535e-20  2.16449e-07
 1.39568e-20 -2.55106e-05 -5.08785e-20   0.00023959 -2.18983e-19 -0.000977998  1.71971e-18   0.00200554 -4.94534e-18  -0.00190299  7.76496e-18  0.000393081 -7.14804e-18  0.000359281  4.13824e-18 -3.61408e-05 -1.55511e-18 -3.12272e-05  3.06726e-19 -2.57804e-06 -3.04519e-20
 1.04835e-05  1.10963e-19 -0.000192753 -2.18983e-19   0.00119021 -6.98788e-19  -0.00359372   4.3894e-18   0.00547719 -1.00145e-17  -0.00337962  1.17996e-17 -0.000344295 -7.65304e-18  0.000674092  3.34937e-18  0.000109604 -9.96565e-19 -1.93331e-05  1.21194e-19  -2.8322e-06
-8.57586e-20  9.74956e-05  5.20448e-19 -0.000977998 -6.98788e-19    0.0043471 -1.78548e-18   -0.0099823  9.22955e-18    0.0111769 -1.64965e-17  -0.00364537  1.35169e-17  -0.00210921 -5.24512e-18  0.000538396  2.04326e-18  0.000255699 -3.78095e-19   1.4141e-05 -1.49701e-20
-2.71906e-05 -5.16521e-19  0.000534228  1.71971e-18  -0.00359372 -1.78548e-18    0.0121356 -3.87331e-18   -0.0215501  1.67308e-17    0.0170991 -2.27548e-17 -0.000701363  1.09652e-17  -0.00393485 -1.17402e-18 -0.000279055  1.59423e-18  0.000199187  3.78292e-20  2.05171e-05
 2.76664e-19 -0.000183225 -1.88988e-18   0.00200554   4.3894e-18   -0.0099823 -3.87331e-18    0.0266219 -7.41836e-18   -0.0368853   2.6835e-17    0.0189762  -2.6469e-17   0.00577112  4.12247e-18    -0.003929  2.35191e-18  -0.00115752  2.17398e-18 -4.76272e-06  1.81965e-19
 3.36374e-05  1.31651e-18 -0.000723813 -4.94534e-18   0.00547719  9.22955e-18   -0.0215501 -7.41836e-18    0.0469556 -1.27782e-17   -0.0508587  3.84304e-17    0.0130103 -2.55509e-17    0.0128715 -4.27666e-18  -0.00124084  4.32391e-18  -0.00117333  2.63246e-18 -8.57339e-05
 -5.3696e-19  0.000152765  3.80893e-18  -0.00190299 -1.00145e-17    0.0111769  1.67308e-17   -0.0368853 -1.27782e-17     0.068135 -1.98562e-17   -0.0572798  4.90309e-17 -0.000723484 -1.93766e-17    0.0158921 -9.17441e-18   0.00238433   5.3465e-18 -0.000396207  1.97513e-18
-1.43171e-05  -2.0381e-18  0.000363538  7.76496e-18  -0.00337962 -1.64965e-17    0.0170991   2.6835e-17   -0.0508587 -1.98562e-17    0.0836439 -2.77566e-17   -0.0532316  5.51039e-17   -0.0177423 -9.00603e-18    0.0119755  -6.2459e-18   0.00392934  5.76499e-18  0.000149267
 6.47886e-19 -1.95612e-05 -4.62947e-18  0.000393081  1.17996e-17  -0.00364537 -2.27548e-17    0.0189762  3.84304e-17   -0.0572798 -2.77566e-17    0.0903065 -3.51782e-17   -0.0404321  5.31921e-17   -0.0316391  3.66085e-18   0.00299497  2.97884e-18   0.00249707  4.42914e-18
-3.94317e-06   1.9638e-18  7.39548e-05 -7.14804e-18 -0.000344295  1.35169e-17 -0.000701363  -2.6469e-17    0.0130103  4.90309e-17   -0.0532316 -3.51782e-17    0.0905411  -4.2286e-17   -0.0222239   4.1571e-17   -0.0366229  1.52184e-17  -0.00497999  1.00822e-17  0.000424382
-4.77086e-19  -2.7362e-05  3.50133e-18  0.000359281 -7.65304e-18  -0.00210921  1.09652e-17   0.00577112 -2.55509e-17 -0.000723484  5.51039e-17   -0.0404321  -4.2286e-17    0.0901217 -5.24636e-17 -0.000233811  2.16411e-17   -0.0295582  1.98408e-17  -0.00663744  8.29936e-18
 2.12099e-06 -1.15707e-18 -6.23368e-05  4.13824e-18  0.000674092 -5.24512e-18  -0.00393485  4.12247e-18    0.0128715 -1.93766e-17   -0.0177423  5.31921e-17   -0.0222239 -5.24636e-17    0.0940118 -6.92932e-17    0.0242909 -1.34842e-18   -0.0134925  1.43951e-17  -0.00311347
 1.94623e-19  5.88132e-07 -1.64562e-18 -3.61408e-05  3.34937e-18  0.000538396 -1.17402e-18    -0.003929 -4.27666e-18    0.0158921 -9.00603e-18   -0.0316391   4.1571e-17 -0.000233811 -6.92932e-17     0.102198 -8.82558e-17    0.0449825 -1.84102e-17   0.00109226   4.9144e-18
 5.79367e-07  3.72228e-19 -1.40812e-05 -1.55511e-18  0.000109604  2.04326e-18 -0.000279055  2.35191e-18  -0.00124084 -9.17441e-18    0.0119755  3.66085e-18   -0.0366229  2.16411e-17    0.0242909 -8.82558e-17     0.106317 -9.40961e-17    0.0501583 -2.12429e-17   0.00500787
-3.02595e-20  1.83457e-06  4.19153e-19 -3.12272e-05 -9.96565e-19  0.000255699  1.59423e-18  -0.00115752  4.32391e-18   0.00238433  -6.2459e-18   0.00299497  1.52184e-17   -0.0295582 -1.34842e-18    0.0449825 -9.40961e-17    0.0932822 -7.47775e-17    0.0354355 -1.15593e-17
-9.34252e-09 -4.11197e-20  8.96738e-07  3.06726e-19 -1.93331e-05 -3.78095e-19  0.000199187  2.17398e-18  -0.00117333   5.3465e-18   0.00392934  2.97884e-18  -0.00497999  1.98408e-17   -0.0134925 -1.84102e-17    0.0501583 -7.47775e-17    0.0604739 -3.93425e-17    0.0136664
-2.56141e-21  1.84063e-07 -3.78535e-20 -2.57804e-06  1.21194e-19   1.4141e-05  3.78292e-20 -4.76272e-06  2.63246e-18 -0.000396207  5.76499e-18   0.00249707  1.00822e-17  -0.00663744  1.43951e-17   0.00109226 -2.12429e-17    0.0354355 -3.93425e-17    0.0247438 -1.10614e-17
-6.21528e-09 -3.89334e-21  2.16449e-07 -3.04519e-20  -2.8322e-06 -1.49701e-20  2.05171e-05  1.81965e-19 -8.57339e-05  1.97513e-18  0.000149267  4.42914e-18  0.000424382  8.29936e-18  -0.00311347   4.9144e-18   0.00500787 -1.15593e-17    0.0136664 -1.10614e-17   0.00469824
