   0.0109374 -1.76159e-18   -0.0233362  8.03949e-18   0.00877321 -6.09054e-18     0.004865  3.15374e-19  -0.00200998  1.75775e-18  -0.00116046 -7.41449e-19  0.000217469 -1.44249e-20  0.000180815  2.63966e-20  1.85315e-06 -8.66985e-22 -9.53334e-06   4.9113e-22 -6.16995e-07
-1.76159e-18    0.0389214 -6.64369e-18   -0.0422428  1.66028e-17   0.00403847 -1.04082e-17    0.0112947  1.08446e-18  -0.00103632  1.89881e-18  -0.00248309 -5.82298e-19 -4.38758e-05  -7.7647e-20  0.000319892  8.05065e-22  3.92662e-05 -5.89921e-21 -9.57875e-06  7.26733e-22
  -0.0233362 -6.64369e-18    0.0652483 -9.77114e-18   -0.0438411  1.74313e-17  -0.00735762 -9.75312e-18    0.0143432  6.46169e-19    0.0016552  1.63577e-18  -0.00318296 -2.03111e-19 -0.000547689 -1.32336e-20  0.000348638 -4.08434e-20  7.69648e-05 -1.36113e-20 -3.40301e-06
 8.03949e-18   -0.0422428 -9.77114e-18    0.0714594 -8.54115e-18   -0.0326525  1.29182e-17   -0.0166107 -6.72836e-18    0.0136402 -2.69743e-19   0.00439216  1.07756e-18  -0.00313558  2.01387e-19  -0.00104427  1.72437e-19  0.000266004 -6.66367e-20  8.61267e-05 -1.42719e-20
  0.00877321  1.66028e-17   -0.0438411 -8.54115e-18    0.0619673 -5.58057e-18   -0.0206664  8.36003e-18   -0.0211545 -3.92663e-18    0.0112869 -1.01698e-18   0.00642641  7.25709e-21  -0.00259517  6.05492e-19  -0.00138766  3.47369e-19  0.000119149 -7.41103e-20  5.77384e-05
-6.09054e-18   0.00403847  1.74313e-17   -0.0326525 -5.58057e-18    0.0500888 -3.43828e-18   -0.0129194  5.46896e-18     -0.02276 -1.64976e-18   0.00872196 -1.83834e-18   0.00776071 -1.47109e-18  -0.00179307  9.45779e-19  -0.00151671  3.74997e-19 -2.72481e-05 -6.30777e-20
    0.004865 -1.04082e-17  -0.00735762  1.29182e-17   -0.0206664 -3.43828e-18    0.0419998 -2.32258e-18  -0.00858229  4.09397e-18   -0.0232557  1.27426e-18   0.00636133 -3.19999e-18    0.0085697 -2.63682e-18 -0.000860245  1.12505e-18   -0.0014022  2.33665e-19 -9.80647e-05
 3.15374e-19    0.0112947 -9.75312e-18   -0.0166107  8.36003e-18   -0.0129194 -2.32258e-18     0.037422 -2.25029e-18  -0.00596216  4.68255e-18   -0.0234815  5.22902e-18   0.00418672  -4.7715e-18   0.00896695 -2.70419e-18  0.000122194  1.09201e-18  -0.00103524  3.52771e-20
 -0.00200998  1.08446e-18    0.0143432 -6.72836e-18   -0.0211545  5.46896e-18  -0.00858229 -2.25029e-18    0.0348678 -4.31771e-18  -0.00412786  7.58834e-18   -0.0237349  8.50221e-18    0.0020716 -5.55785e-18   0.00896509 -1.59835e-18   0.00104911  8.25606e-19 -0.000487836
 1.75775e-18  -0.00103632  6.46169e-19    0.0136402 -3.92663e-18     -0.02276  4.09397e-18  -0.00596216 -4.31771e-18    0.0334977 -8.88669e-18  -0.00266216  1.11878e-17   -0.0241288  8.66142e-18 -0.000142224  -4.9953e-18   0.00845308 -6.24793e-20   0.00167822  3.52128e-19
 -0.00116046  1.89881e-18    0.0016552 -2.69743e-19    0.0112869 -1.64976e-18   -0.0232557  4.68255e-18  -0.00412786 -8.88669e-18    0.0329782 -1.35031e-17  -0.00133413  1.24083e-17   -0.0247109  5.16513e-18  -0.00264645 -3.41574e-18    0.0071456  9.39682e-19    0.0015403
-7.41449e-19  -0.00248309  1.63577e-18   0.00439216 -1.01698e-18   0.00872196  1.27426e-18   -0.0234815  7.58834e-18  -0.00266216 -1.35031e-17    0.0332015 -1.42156e-17  4.19837e-05  9.72565e-18   -0.0254821  2.44197e-19  -0.00565733  -1.3801e-18   0.00467054  9.27657e-19
 0.000217469 -5.82298e-19  -0.00318296  1.07756e-18   0.00642641 -1.83834e-18   0.00636133  5.22902e-18   -0.0237349  1.11878e-17  -0.00133413 -1.42156e-17     0.034189 -9.52552e-18    0.0016858  4.78461e-18   -0.0263301 -2.96218e-18   -0.0091467   5.7724e-19   0.00140857
-1.44249e-20 -4.38758e-05 -2.03111e-19  -0.00313558  7.25709e-21   0.00776071 -3.19999e-18   0.00418672  8.50221e-18   -0.0241288  1.24083e-17  4.19837e-05 -9.52552e-18    0.0360925 -2.32601e-18   0.00397405  3.45585e-19   -0.0266416 -3.22966e-18   -0.0117208  1.41577e-18
 0.000180815  -7.7647e-20 -0.000547689  2.01387e-19  -0.00259517 -1.47109e-18    0.0085697  -4.7715e-18    0.0020716  8.66142e-18   -0.0247109  9.72565e-18    0.0016858 -2.32601e-18    0.0392826   2.6591e-18   0.00785442 -2.89663e-18   -0.0241487 -2.31046e-18   -0.0096771
 2.63966e-20  0.000319892 -1.32336e-20  -0.00104427  6.05492e-19  -0.00179307 -2.63682e-18   0.00896695 -5.55785e-18 -0.000142224  5.16513e-18   -0.0254821  4.78461e-18   0.00397405   2.6591e-18    0.0447274  2.37124e-18    0.0158375 -7.18071e-18   -0.0148254 -2.36111e-18
 1.85315e-06  8.05065e-22  0.000348638  1.72437e-19  -0.00138766  9.45779e-19 -0.000860245 -2.70419e-18   0.00896509  -4.9953e-18  -0.00264645  2.44197e-19   -0.0263301  3.45585e-19   0.00785442  2.37124e-18    0.0548656 -5.50516e-18    0.0311889 -1.44808e-17 -0.000429113
-8.66985e-22  3.92662e-05 -4.08434e-20  0.000266004  3.47369e-19  -0.00151671  1.12505e-18  0.000122194 -1.59835e-18   0.00845308 -3.41574e-18  -0.00565733 -2.96218e-18   -0.0266416 -2.89663e-18    0.0158375 -5.50516e-18    0.0723813 -2.30367e-17    0.0483097 -1.81408e-17
-9.53334e-06 -5.89921e-21  7.69648e-05 -6.66367e-20  0.000119149  3.74997e-19   -0.0014022  1.09201e-18   0.00104911 -6.24793e-20    0.0071456  -1.3801e-18   -0.0091467 -3.22966e-18   -0.0241487 -7.18071e-18    0.0311889 -2.30367e-17    0.0897706 -4.01394e-17    0.0439228
  4.9113e-22 -9.57875e-06 -1.36113e-20  8.61267e-05 -7.41103e-20 -2.72481e-05  2.33665e-19  -0.00103524  8.25606e-19   0.00167822  9.39682e-19   0.00467054   5.7724e-19   -0.0117208 -2.31046e-18   -0.0148254 -1.44808e-17    0.0483097 -4.01394e-17    0.0806691 -3.23769e-17
-6.16995e-07  7.26733e-22 -3.40301e-06 -1.42719e-20  5.77384e-05 -6.30777e-20 -9.80647e-05  3.52771e-20 -0.000487836  3.52128e-19    0.0015403  9.27657e-19   0.00140857  1.41577e-18   -0.0096771 -2.36111e-18 -0.000429113 -1.81408e-17    0.0439228 -3.23769e-17    0.0354324
