    0.012746    3.948e-19   -0.0256554 -1.69087e-18   0.00836251  6.10448e-19   0.00561317  8.14233e-19   -0.0017738 -1.34676e-19  -0.00130109 -3.57965e-19  0.000145112  5.39422e-20  0.000189447  4.62134e-20  1.10442e-05 -3.23879e-22  -8.8158e-06 -1.99425e-21 -7.50837e-07
   3.948e-19    0.0431605  1.50724e-18   -0.0440099 -3.79804e-18   0.00220059   3.2446e-19    0.0118887  1.92479e-18 -0.000395188 -5.43046e-20  -0.00255299 -6.64272e-19 -0.000187231  1.26364e-20  0.000308731  8.60726e-20  5.22235e-05  4.68727e-21 -7.53667e-06 -1.75096e-21
  -0.0256554  1.50724e-18    0.0690182  2.94549e-18   -0.0433629 -5.21367e-18  -0.00964147 -7.40739e-19    0.0142418  3.00875e-18   0.00245998  2.24423e-19  -0.00308198 -9.13485e-19 -0.000713824 -6.62911e-20  0.000309371  1.05723e-19  8.68928e-05  9.94862e-21 -1.34274e-06
-1.69087e-18   -0.0440099  2.94549e-18    0.0726479  4.09413e-18   -0.0308941 -5.98819e-18   -0.0183251 -1.95967e-18    0.0129856  3.83059e-18   0.00511938  6.10262e-19  -0.00287872 -1.07288e-18  -0.00118793 -1.51734e-19  0.000205729  9.50811e-20  8.90492e-05  1.02576e-20
  0.00836251 -3.79804e-18   -0.0433629  4.09413e-18    0.0614761  5.06182e-18   -0.0189936 -6.85204e-18   -0.0221896 -2.99165e-18    0.0103908  4.34348e-18   0.00699272   9.9644e-19  -0.00223292 -1.12262e-18  -0.00148311 -2.34902e-19  5.24648e-05   5.4665e-20  5.50209e-05
 6.10448e-19   0.00220059 -5.21367e-18   -0.0308941  5.06182e-18    0.0494079  6.19522e-18   -0.0117108 -7.87166e-18   -0.0233853  -3.8199e-18   0.00775141   4.5781e-18   0.00816646  1.34984e-18  -0.00136788 -1.04205e-18  -0.00155171 -3.04179e-19  -8.2755e-05  5.62553e-21
  0.00561317   3.2446e-19  -0.00964147 -5.98819e-18   -0.0189936  6.19522e-18    0.0416282  7.40766e-18  -0.00768542 -8.63936e-18   -0.0236708 -4.46434e-18   0.00536401  4.59277e-18   0.00882809  1.74042e-18 -0.000404494  -7.9826e-19  -0.00137368 -3.16311e-19 -0.000126907
 8.14233e-19    0.0118887 -7.40739e-19   -0.0183251 -6.85204e-18   -0.0117108  7.40766e-18    0.0372794  8.36013e-18  -0.00521457 -8.96687e-18   -0.0237748 -5.02261e-18   0.00316418  4.42649e-18   0.00908056  2.25884e-18  0.000575346 -3.70208e-19 -0.000955347  -2.1506e-19
  -0.0017738  1.92479e-18    0.0142418 -1.95967e-18   -0.0221896 -7.87166e-18  -0.00768542  8.36013e-18    0.0348339  8.91012e-18  -0.00344676 -9.02074e-18   -0.0239419 -5.77704e-18   0.00101049  4.02849e-18   0.00891946  2.88308e-18   0.00144998  1.57222e-19 -0.000401253
-1.34676e-19 -0.000395188  3.00875e-18    0.0129856 -2.99165e-18   -0.0233853 -8.63936e-18  -0.00521457  8.91012e-18    0.0335201  9.26566e-18  -0.00200258  -9.0878e-18   -0.0242607 -7.10383e-18  -0.00126091  3.22495e-18   0.00821243  3.36439e-18   0.00194718  4.71894e-19
 -0.00130109 -5.43046e-20   0.00245998  3.83059e-18    0.0103908  -3.8199e-18   -0.0236708 -8.96687e-18  -0.00344676  9.26566e-18    0.0330397  9.87058e-18 -0.000661446 -9.36251e-18   -0.0247614 -9.29328e-18   -0.0038404   1.7726e-18   0.00666377  3.17509e-18   0.00161232
-3.57965e-19  -0.00255299  2.24423e-19   0.00511938  4.34348e-18   0.00775141 -4.46434e-18   -0.0237748 -9.02074e-18  -0.00200258  9.87058e-18    0.0332985  1.12166e-17   0.00076435 -9.85448e-18    -0.025421 -1.24214e-17  -0.00691177 -4.79892e-19   0.00398554   1.8747e-18
 0.000145112 -6.64272e-19  -0.00308198  6.10262e-19   0.00699272   4.5781e-18   0.00536401 -5.02261e-18   -0.0239419  -9.0878e-18 -0.000661446  1.12166e-17    0.0343274   1.3709e-17   0.00250854 -1.03811e-17   -0.0260668 -1.60879e-17   -0.0102928 -3.01571e-18  0.000827627
 5.39422e-20 -0.000187231 -9.13485e-19  -0.00287872   9.9644e-19   0.00816646  4.59277e-18   0.00316418 -5.77704e-18   -0.0242607 -9.36251e-18   0.00076435   1.3709e-17     0.036291  1.76896e-17   0.00499564 -1.03128e-17   -0.0259093 -1.84019e-17   -0.0122892 -3.61345e-18
 0.000189447  1.26364e-20 -0.000713824 -1.07288e-18  -0.00223292  1.34984e-18   0.00882809  4.42649e-18   0.00101049 -7.10383e-18   -0.0247614 -9.85448e-18   0.00250854  1.76896e-17     0.039598  2.38913e-17   0.00931394 -7.24992e-18   -0.0224459 -1.49599e-17  -0.00936513
 4.62134e-20  0.000308731 -6.62911e-20  -0.00118793 -1.12262e-18  -0.00136788  1.74042e-18   0.00908056  4.02849e-18  -0.00126091 -9.29328e-18    -0.025421 -1.03811e-17   0.00499564  2.38913e-17    0.0453311  3.47598e-17    0.0180864  4.00048e-18   -0.0121481 -3.81659e-18
 1.10442e-05  8.60726e-20  0.000309371 -1.51734e-19  -0.00148311 -1.04205e-18 -0.000404494  2.25884e-18   0.00891946  3.22495e-18   -0.0038404 -1.24214e-17   -0.0260668 -1.03128e-17   0.00931394  3.47598e-17    0.0559761  5.48242e-17    0.0337794  2.42256e-17   0.00153815
-3.23879e-22  5.22235e-05  1.05723e-19  0.000205729 -2.34902e-19  -0.00155171  -7.9826e-19  0.000575346  2.88308e-18   0.00821243   1.7726e-18  -0.00691177 -1.60879e-17   -0.0259093 -7.24992e-18    0.0180864  5.48242e-17    0.0732907   8.2194e-17    0.0488532  3.46471e-17
 -8.8158e-06  4.68727e-21  8.68928e-05  9.50811e-20  5.24648e-05 -3.04179e-19  -0.00137368 -3.70208e-19   0.00144998  3.36439e-18   0.00666377 -4.79892e-19   -0.0102928 -1.84019e-17   -0.0224459  4.00048e-18    0.0337794   8.2194e-17    0.0877516  9.30421e-17    0.0412985
-1.99425e-21 -7.53667e-06  9.94862e-21  8.90492e-05   5.4665e-20  -8.2755e-05 -3.16311e-19 -0.000955347  1.57222e-19   0.00194718  3.17509e-18   0.00398554 -3.01571e-18   -0.0122892 -1.49599e-17   -0.0121481  2.42256e-17    0.0488532  9.30421e-17    0.0746091  5.95911e-17
-7.50837e-07 -1.75096e-21 -1.34274e-06  1.02576e-20  5.50209e-05  5.62553e-21 -0.000126907  -2.1506e-19 -0.000401253  4.71894e-19   0.00161232   1.8747e-18  0.000827627 -3.61345e-18  -0.00936513 -3.81659e-18   0.00153815  3.46471e-17    0.0412985  5.95911e-17    0.0307687
