 0.000139436  3.01341e-19 -0.000891703 -2.27767e-18   0.00183913  4.91019e-18  -0.00163856 -5.81337e-18  0.000363462  4.46329e-18  0.000381477 -2.29719e-18 -0.000195306  6.79131e-19 -4.51601e-05 -5.01359e-20  3.35007e-05 -1.22933e-20  1.47509e-06  9.48709e-23 -1.05366e-06
 3.01341e-19   0.00133775  1.27004e-18  -0.00455673 -5.93561e-18   0.00644543  9.37293e-18  -0.00374945 -8.98672e-18 -0.000316441  6.22757e-18   0.00128148 -3.00606e-18  -0.00023697  6.37958e-19 -0.000200788  5.73549e-20  5.33905e-05 -2.17002e-20  8.60715e-06  6.96732e-22
-0.000891703  1.27004e-18   0.00598386  2.57537e-18   -0.0132397 -7.73991e-18    0.0132513  8.79553e-18   -0.0043154 -7.37992e-18  -0.00266758  5.79447e-18   0.00221338 -2.75168e-18  8.67754e-05  1.73729e-19 -0.000392685  1.77686e-19  3.98573e-05 -2.87907e-20  1.18734e-05
-2.27767e-18  -0.00455673  2.57537e-18    0.0166311  2.77285e-18   -0.0261028 -4.30923e-18    0.0185034  2.23232e-18  -0.00138408 -3.69685e-18  -0.00595642  5.64481e-18   0.00242982 -2.32953e-18   0.00071098 -1.99261e-19 -0.000500735  1.55855e-19  6.78583e-06 -2.60148e-20
  0.00183913 -5.93561e-18   -0.0132397  2.77285e-18    0.0323979   8.2992e-19   -0.0380067  3.89676e-18    0.0184075 -6.23302e-18   0.00447396 -2.57433e-18  -0.00858339  6.88269e-18   0.00172333 -2.05213e-18   0.00133455  -3.3649e-20 -0.000481567  4.05015e-21 -1.28529e-05
 4.91019e-18   0.00644543 -7.73991e-18   -0.0261028   8.2992e-19    0.0475901 -2.93422e-18   -0.0434119  1.46337e-17    0.0128162 -1.26557e-17    0.0107292 -4.61292e-18  -0.00960705  7.53788e-18  0.000514329 -1.81261e-18   0.00171203   5.7448e-19 -0.000376737  -9.4476e-20
 -0.00163856  9.37293e-18    0.0132513 -4.30923e-18   -0.0380067 -2.93422e-18    0.0559431 -8.14332e-18   -0.0412654   2.6436e-17   0.00490196 -1.57154e-17     0.015323 -5.97983e-18  -0.00925287  5.15719e-18 -0.000646571 -1.49187e-18   0.00177494    9.946e-19 -0.000236784
-5.81337e-18  -0.00374945  8.79553e-18    0.0185034  3.89676e-18   -0.0434119 -8.14332e-18    0.0559879 -1.46819e-17    -0.034994  3.60904e-17  -0.00212793 -1.52354e-17    0.0178739  -2.8124e-18  -0.00827241 -2.34288e-19  -0.00142844 -9.97753e-19   0.00154706  6.82736e-19
 0.000363462 -8.98672e-18   -0.0043154  2.23232e-18    0.0184075  1.46337e-17   -0.0412654 -1.46819e-17    0.0511942 -2.05348e-17    -0.028626  3.69723e-17  -0.00705446  -1.1297e-17    0.0190542  4.95125e-18  -0.00728195 -5.89899e-18  -0.00170357 -4.29332e-19   0.00102638
 4.46329e-18 -0.000316441 -7.37992e-18  -0.00138408 -6.23302e-18    0.0128162   2.6436e-17    -0.034994 -2.05348e-17    0.0458836    -2.12e-17   -0.0241098  2.37405e-17   -0.0102012 -4.84205e-18    0.0196261  1.34822e-17  -0.00660937 -8.71446e-18   -0.0014035  6.68525e-19
 0.000381477  6.22757e-18  -0.00266758 -3.69685e-18   0.00447396 -1.26557e-17   0.00490196  3.60904e-17    -0.028626    -2.12e-17    0.0422954 -1.30657e-17   -0.0215444 -1.87496e-18   -0.0122601  2.38886e-18    0.0200564  1.70735e-17   -0.0064021 -5.70673e-18 -0.000569752
-2.29719e-18   0.00128148  5.79447e-18  -0.00595642 -2.57433e-18    0.0107292 -1.57154e-17  -0.00212793  3.69723e-17   -0.0241098 -1.30657e-17    0.0407235  2.90238e-18    -0.020458 -3.09434e-17   -0.0136898  8.06155e-18    0.0205263  1.44052e-17  -0.00652461 -7.20423e-18
-0.000195306 -3.00606e-18   0.00221338  5.64481e-18  -0.00858339 -4.61292e-18     0.015323 -1.52354e-17  -0.00705446  2.37405e-17   -0.0215444  2.90238e-18    0.0408231  2.13491e-17    -0.020557 -5.26256e-17   -0.0146085   1.3861e-17    0.0207423 -2.82803e-18  -0.00574687
 6.79131e-19  -0.00023697 -2.75168e-18   0.00242982  6.88269e-18  -0.00960705 -5.97983e-18    0.0178739  -1.1297e-17   -0.0102012 -1.87496e-18    -0.020458  2.13491e-17    0.0424133  3.42623e-17   -0.0219281 -5.29595e-17   -0.0145195  2.51821e-18    0.0189169  3.30776e-17
-4.51601e-05  6.37958e-19  8.67754e-05 -2.32953e-18   0.00172333  7.53788e-18  -0.00925287  -2.8124e-18    0.0190542 -4.84205e-18   -0.0122601 -3.09434e-17    -0.020557  3.42623e-17    0.0457166  3.89045e-17   -0.0253792 -4.59047e-17   -0.0111421  3.39733e-17    0.0116605
-5.01359e-20 -0.000200788  1.73729e-19   0.00071098 -2.05213e-18  0.000514329  5.15719e-18  -0.00827241  4.95125e-18    0.0196261  2.38886e-18   -0.0136898 -5.26256e-17   -0.0219281  3.89045e-17    0.0517288  1.10936e-17   -0.0336833  4.19748e-17  -0.00047971 -1.64699e-16
 3.35007e-05  5.73549e-20 -0.000392685 -1.99261e-19   0.00133455 -1.81261e-18 -0.000646571 -2.34288e-19  -0.00728195  1.34822e-17    0.0200564  8.06155e-18   -0.0146085 -5.29595e-17   -0.0253792  1.10936e-17    0.0634887  4.36846e-17   -0.0512927 -8.52332e-17    0.0134393
-1.22933e-20  5.33905e-05  1.77686e-19 -0.000500735  -3.3649e-20   0.00171203 -1.49187e-18  -0.00142844 -5.89899e-18  -0.00660937  1.70735e-17    0.0205263   1.3861e-17   -0.0145195 -4.59047e-17   -0.0336833  4.36846e-17    0.0856927 -1.66784e-16   -0.0726342  4.78863e-16
 1.47509e-06 -2.17002e-20  3.98573e-05  1.55855e-19 -0.000481567   5.7448e-19   0.00177494 -9.97753e-19  -0.00170357 -8.71446e-18   -0.0064021  1.44052e-17    0.0207423  2.51821e-18   -0.0111421  4.19748e-17   -0.0512927 -1.66784e-16     0.112197  3.00836e-16   -0.0667292
 9.48709e-23  8.60715e-06 -2.87907e-20  6.78583e-06  4.05015e-21 -0.000376737    9.946e-19   0.00154706 -4.29332e-19   -0.0014035 -5.70673e-18  -0.00652461 -2.82803e-18    0.0189169  3.39733e-17  -0.00047971 -8.52332e-17   -0.0726342  3.00836e-16     0.109027 -7.55588e-16
-1.05366e-06  6.96732e-22  1.18734e-05 -2.60148e-20 -1.28529e-05  -9.4476e-20 -0.000236784  6.82736e-19   0.00102638  6.68525e-19 -0.000569752 -7.20423e-18  -0.00574687  3.30776e-17    0.0116605 -1.64699e-16    0.0134393  4.78863e-16   -0.0667292 -7.55588e-16    0.0528046
