  0.00355847 -4.49861e-20   -0.0108367  2.35556e-19   0.00806859 -4.00936e-20  0.000495696 -4.00496e-19  -0.00219908  4.10954e-19 -7.21664e-05   -1.091e-19  0.000414339 -3.51237e-20  3.65706e-05   6.7104e-21 -4.00657e-05  5.27625e-21 -5.02145e-06  1.82047e-23  5.90223e-07
-4.49861e-20     0.017277 -2.30241e-19   -0.0273103  7.21037e-19    0.0111213 -1.48415e-19   0.00531262 -7.15863e-19  -0.00364622  6.48985e-19  -0.00112128 -5.68208e-20   0.00066475 -1.03359e-19  0.000189454 -3.80021e-21 -5.02664e-05  9.60494e-21 -1.14085e-05  6.28166e-22
  -0.0108367 -2.30241e-19    0.0391488 -5.49389e-19   -0.0391683  1.30341e-18   0.00608757 -3.26378e-19    0.0111021 -9.83853e-19  -0.00311894  7.72109e-19  -0.00249085  1.26727e-19  0.000576757 -1.65963e-19    0.0003557 -3.05771e-20 -2.79122e-05  9.37584e-21  -1.0958e-05
 2.35556e-19   -0.0273103 -5.49389e-19    0.0561443 -8.95696e-19   -0.0389864  1.93923e-18  -0.00329974 -5.30812e-19    0.0144294 -1.39745e-18  -0.00104606  8.26533e-19  -0.00348191  3.92252e-19  0.000216096 -1.82416e-19  0.000443895 -5.90553e-20  6.87574e-06  4.59452e-21
  0.00806859  7.21037e-19   -0.0391683 -8.95696e-19    0.0594416  -1.2629e-18   -0.0305637  2.76688e-18   -0.0113743 -5.69918e-19     0.014828  -2.1083e-18   0.00138983  7.89683e-19  -0.00387271  6.73124e-19 -0.000234318 -1.41362e-19    0.0004241 -6.77504e-20  2.60813e-05
-4.00936e-20    0.0111213  1.30341e-18   -0.0389864  -1.2629e-18    0.0527628 -1.78698e-18   -0.0213555  3.89457e-18   -0.0161447 -2.88087e-19    0.0136081  -3.0087e-18   0.00348606  5.92519e-19  -0.00377179  8.98957e-19  -0.00063083 -6.47026e-20  0.000312407 -4.61112e-20
 0.000495696 -1.48415e-19   0.00608757  1.93923e-18   -0.0305637 -1.78698e-18    0.0442531 -2.60977e-18   -0.0148981  5.29206e-18   -0.0185158  3.04469e-19     0.011904 -3.85094e-18   0.00509644  2.27263e-19  -0.00333898  1.00013e-18 -0.000887425  1.16797e-20  0.000151225
-4.00496e-19   0.00531262 -3.26378e-19  -0.00329974  2.76688e-18   -0.0213555 -2.60977e-18     0.038121 -3.75337e-18     -0.01101  6.76708e-18   -0.0197762  1.12877e-18    0.0101899 -4.46154e-18   0.00629067 -2.12918e-19  -0.00267936  9.21083e-19 -0.000940576   5.2011e-20
 -0.00219908 -7.15863e-19    0.0111021 -5.30812e-19   -0.0113743  3.89457e-18   -0.0148981 -3.75337e-18    0.0345688  -5.0802e-18  -0.00860394   8.0431e-18   -0.0206692  2.10454e-18   0.00855627 -4.77626e-18   0.00714811 -6.02599e-19  -0.00184703     6.49e-19 -0.000717219
 4.10954e-19  -0.00364622 -9.83853e-19    0.0144294 -5.69918e-19   -0.0161447  5.29206e-18     -0.01101  -5.0802e-18     0.032692 -6.38316e-18  -0.00695134   8.9666e-18   -0.0215308  3.10301e-18   0.00694875 -4.71885e-18   0.00768866 -8.63187e-19 -0.000887107  2.58024e-19
-7.21664e-05  6.48985e-19  -0.00311894 -1.39745e-18     0.014828 -2.88087e-19   -0.0185158  6.76708e-18  -0.00860394 -6.38316e-18      0.03187 -7.54536e-18  -0.00569016  9.57172e-18   -0.0225311   3.9351e-18   0.00524676 -4.13514e-18   0.00782482 -9.56318e-19  2.76982e-05
  -1.091e-19  -0.00112128  7.72109e-19  -0.00104606  -2.1083e-18    0.0136081  3.04469e-19   -0.0197762   8.0431e-18  -0.00695134 -7.54536e-18    0.0318474 -8.55827e-18  -0.00462094  9.83455e-18   -0.0237888  4.43024e-18   0.00325481 -2.90073e-18   0.00722296 -8.12835e-19
 0.000414339 -5.68208e-20  -0.00249085  8.26533e-19   0.00138983  -3.0087e-18     0.011904  1.12877e-18   -0.0206692   8.9666e-18  -0.00569016 -8.55827e-18    0.0325719 -9.33462e-18  -0.00358927  9.44979e-18   -0.0254118  4.58178e-18  0.000627847 -1.08714e-18   0.00504825
-3.51237e-20   0.00066475  1.26727e-19  -0.00348191  7.89683e-19   0.00348606 -3.85094e-18    0.0101899  2.10454e-18   -0.0215308  9.57172e-18  -0.00462094 -9.33462e-18    0.0341261 -9.57809e-18  -0.00241315  8.05941e-18   -0.0275022  4.79455e-18  -0.00310613  7.00002e-19
 3.65706e-05 -1.03359e-19  0.000576757  3.92252e-19  -0.00387271  5.92519e-19   0.00509644 -4.46154e-18   0.00855627  3.10301e-18   -0.0225311  9.83455e-18  -0.00358927 -9.57809e-18    0.0367481 -9.04885e-18 -0.000786518  5.75502e-18   -0.0299045  5.79602e-18  -0.00678921
  6.7104e-21  0.000189454 -1.65963e-19  0.000216096  6.73124e-19  -0.00377179  2.27263e-19   0.00629067 -4.77626e-18   0.00694875   3.9351e-18   -0.0237888  9.44979e-18  -0.00241315 -9.04885e-18    0.0409334 -8.27023e-18   0.00211129  2.98984e-18   -0.0301097  6.73888e-18
-4.00657e-05 -3.80021e-21    0.0003557 -1.82416e-19 -0.000234318  8.98957e-19  -0.00333898 -2.12918e-19   0.00714811 -4.71885e-18   0.00524676  4.43024e-18   -0.0254118  8.05941e-18 -0.000786518 -8.27023e-18     0.047863 -9.85026e-18   0.00971996 -3.63782e-19   -0.0197451
 5.27625e-21 -5.02664e-05 -3.05771e-20  0.000443895 -1.41362e-19  -0.00063083  1.00013e-18  -0.00267936 -6.02599e-19   0.00768866 -4.13514e-18   0.00325481  4.58178e-18   -0.0275022  5.75502e-18   0.00211129 -9.85026e-18    0.0614798 -1.99853e-17    0.0302319 -3.00074e-18
-5.02145e-06  9.60494e-21 -2.79122e-05 -5.90553e-20    0.0004241 -6.47026e-20 -0.000887425  9.21083e-19  -0.00184703 -8.63187e-19   0.00782482 -2.90073e-18  0.000627847  4.79455e-18   -0.0299045  2.98984e-18   0.00971996 -1.99853e-17      0.09005 -3.80303e-17    0.0548359
 1.82047e-23 -1.14085e-05  9.37584e-21  6.87574e-06 -6.77504e-20  0.000312407  1.16797e-20 -0.000940576     6.49e-19 -0.000887107 -9.56318e-19   0.00722296 -1.08714e-18  -0.00310613  5.79602e-18   -0.0301097 -3.63782e-19    0.0302319 -3.80303e-17     0.122547 -3.33913e-17
 5.90223e-07  6.28166e-22  -1.0958e-05  4.59452e-21  2.60813e-05 -4.61112e-20  0.000151225   5.2011e-20 -0.000717219  2.58024e-19  2.76982e-05 -8.12835e-19   0.00504825  7.00002e-19  -0.00678921  6.73888e-18   -0.0197451 -3.00074e-18    0.0548359 -3.33913e-17    0.0919958
