   0.0366366 -1.86338e-17    -0.045164  4.23089e-17  -0.00323181 -6.16169e-18   0.00915521 -1.10567e-17   0.00296088  4.35926e-19 -0.000744694  1.08659e-18 -0.000650349  5.88178e-19 -0.000114211  7.13713e-20  1.51646e-05 -2.75514e-20  7.13588e-06  -6.0916e-21  5.24215e-07
-1.86338e-17    0.0862931 -3.71369e-17   -0.0499227  5.71806e-17   -0.0196781  1.57433e-18   0.00925206 -1.45658e-17   0.00664688 -3.89599e-18  0.000171911  8.95534e-19 -0.000933406  1.25222e-18 -0.000297628  2.65144e-19 -1.87367e-05 -8.79107e-21  4.23674e-06 -3.91911e-21
   -0.045164 -3.71369e-17    0.0989654 -4.61645e-17   -0.0310063  5.47842e-17   -0.0298044  1.24728e-17   0.00441719 -1.34495e-17   0.00859503 -9.35984e-18   0.00170594 -3.71127e-19 -0.000749518  1.48797e-18  -0.00039239   4.0783e-19 -5.50071e-05  2.42042e-20 -9.95122e-07
 4.23089e-17   -0.0499227 -4.61645e-17    0.0816978 -4.59174e-17   -0.0134183  4.67071e-17   -0.0319481  2.54141e-17  -0.00100989 -1.05539e-17   0.00870056 -1.34731e-17   0.00312677 -2.20433e-18 -0.000212336   1.0813e-18 -0.000324194  3.80929e-19 -5.50876e-05  2.73145e-20
 -0.00323181  5.71806e-17   -0.0310063 -4.59174e-17    0.0628204 -4.58031e-17  -0.00390729  4.12922e-17   -0.0307744  3.77423e-17  -0.00555292 -6.50109e-18   0.00755184 -1.50888e-17   0.00404521 -4.01466e-18  0.000431445   2.7257e-19 -0.000140622  2.08261e-19 -2.45474e-05
-6.16169e-18   -0.0196781  5.47842e-17   -0.0134183 -4.58031e-17    0.0516442  -5.0954e-17  0.000953843   3.9084e-17   -0.0289096  4.66752e-17  -0.00929036 -1.01993e-18    0.0055152 -1.40745e-17   0.00422533 -5.11992e-18  0.000885036  -4.2746e-19  2.30855e-05  4.08029e-20
  0.00915521  1.57433e-18   -0.0298044  4.67071e-17  -0.00390729  -5.0954e-17    0.0457253 -5.87836e-17   0.00406645  3.71055e-17   -0.0270039  5.17364e-17    -0.012487  5.76363e-18   0.00276358 -1.08178e-17   0.00352801 -4.90187e-18  0.000919075 -6.18981e-19  6.23425e-05
-1.10567e-17   0.00925206  1.24728e-17   -0.0319481  4.12922e-17  0.000953843 -5.87836e-17    0.0424244 -6.52497e-17   0.00661418  3.32815e-17   -0.0250381  5.37593e-17   -0.0152042  1.28688e-17 -0.000456003 -6.07313e-18   0.00208031  -3.3589e-18  0.000567325 -3.51009e-19
  0.00296088 -1.45658e-17   0.00441719  2.54141e-17   -0.0307744   3.9084e-17   0.00406645 -6.52497e-17    0.0406804 -6.93106e-17   0.00915157  2.72271e-17   -0.0227183  5.29812e-17   -0.0171258  1.84876e-17  -0.00350454 -1.21131e-18  0.000471076 -1.41085e-18  0.000162017
 4.35926e-19   0.00664688 -1.34495e-17  -0.00100989  3.77423e-17   -0.0289096  3.71055e-17   0.00661418 -6.93106e-17    0.0401566 -7.21586e-17    0.0121552  1.88955e-17   -0.0194217   4.8234e-17   -0.0173961  2.03135e-17  -0.00527564  1.89372e-18 -0.000481125 -2.07976e-19
-0.000744694 -3.89599e-18   0.00859503 -1.05539e-17  -0.00555292  4.66752e-17   -0.0270039  3.32815e-17   0.00915157 -7.21586e-17    0.0408681 -7.54111e-17    0.0162721  7.25243e-18   -0.0141468  3.74195e-17   -0.0148844  1.66843e-17  -0.00487556  2.21215e-18 -0.000477278
 1.08659e-18  0.000171911 -9.35984e-18   0.00870056 -6.50109e-18  -0.00929036  5.17364e-17   -0.0250381  2.72271e-17    0.0121552 -7.54111e-17    0.0431606 -8.10598e-17    0.0223371  -9.6625e-18   -0.0060599  1.98538e-17  -0.00938413  8.78558e-18  -0.00276944  8.90673e-19
-0.000650349  8.95534e-19   0.00170594 -1.34731e-17   0.00755184 -1.01993e-18    -0.012487  5.37593e-17   -0.0227183  1.88955e-17    0.0162721 -8.10598e-17    0.0476009 -9.13831e-17    0.0306584 -3.18427e-17   0.00397234 -1.98409e-19  -0.00292027  1.29448e-18   -0.0007334
 5.88178e-19 -0.000933406 -3.71127e-19   0.00312677 -1.50888e-17    0.0055152  5.76363e-18   -0.0152042  5.29812e-17   -0.0194217  7.25243e-18    0.0223371 -9.13831e-17    0.0541581 -1.06009e-16    0.0393477 -5.28758e-17    0.0122612 -1.37965e-17   0.00118706 -1.53752e-18
-0.000114211  1.25222e-18 -0.000749518 -2.20433e-18   0.00404521 -1.40745e-17   0.00276358  1.28688e-17   -0.0171258   4.8234e-17   -0.0141468  -9.6625e-18    0.0306584 -1.06009e-16    0.0604793 -1.17464e-16    0.0435154 -6.09748e-17     0.014438 -1.49449e-17   0.00160409
 7.13713e-20 -0.000297628  1.48797e-18 -0.000212336 -4.01466e-18   0.00422533 -1.08178e-17 -0.000456003  1.84876e-17   -0.0173961  3.74195e-17   -0.0060599 -3.18427e-17    0.0393477 -1.17464e-16    0.0612242  -1.1284e-16    0.0384444 -4.97109e-17    0.0101364 -7.58204e-18
 1.51646e-05  2.65144e-19  -0.00039239   1.0813e-18  0.000431445 -5.11992e-18   0.00352801 -6.07313e-18  -0.00350454  2.03135e-17   -0.0148844  1.98538e-17   0.00397234 -5.28758e-17    0.0435154  -1.1284e-16    0.0516355 -8.60463e-17    0.0252355 -2.71574e-17   0.00396236
-2.75514e-20 -1.87367e-05   4.0783e-19 -0.000324194   2.7257e-19  0.000885036 -4.90187e-18   0.00208031 -1.21131e-18  -0.00527564  1.66843e-17  -0.00938413 -1.98409e-19    0.0122612 -6.09748e-17    0.0384444 -8.60463e-17    0.0335144  -4.7977e-17    0.0112277 -8.51807e-18
 7.13588e-06 -8.79107e-21 -5.50071e-05  3.80929e-19 -0.000140622  -4.2746e-19  0.000919075  -3.3589e-18  0.000471076  1.89372e-18  -0.00487556  8.78558e-18  -0.00292027 -1.37965e-17     0.014438 -4.97109e-17    0.0252355  -4.7977e-17    0.0153612 -1.76209e-17   0.00282605
 -6.0916e-21  4.23674e-06  2.42042e-20 -5.50876e-05  2.08261e-19  2.30855e-05 -6.18981e-19  0.000567325 -1.41085e-18 -0.000481125  2.21215e-18  -0.00276944  1.29448e-18   0.00118706 -1.49449e-17    0.0101364 -2.71574e-17    0.0112277 -1.76209e-17   0.00437505 -3.46509e-18
 5.24215e-07 -3.91911e-21 -9.95122e-07  2.73145e-20 -2.45474e-05  4.08029e-20  6.23425e-05 -3.51009e-19  0.000162017 -2.07976e-19 -0.000477278  8.90673e-19   -0.0007334 -1.53752e-18   0.00160409 -7.58204e-18   0.00396236 -8.51807e-18   0.00282605 -3.46509e-18  0.000578615
