 4.19933e-07  4.95808e-22 -5.85284e-06 -7.91873e-21  2.89641e-05  3.55899e-20 -7.59959e-05 -8.44717e-20  0.000115032  1.21465e-19 -9.50504e-05 -1.04481e-19  2.70883e-05  4.30511e-20  1.68275e-05  5.83786e-21  -1.2658e-05 -1.45133e-20  4.46736e-07  5.22697e-21  6.15168e-07
 4.95808e-22  8.55008e-06  4.54197e-21 -6.45888e-05 -4.67561e-20  0.000229004  1.56241e-19 -0.000458598 -2.84749e-19    0.0005277  3.00762e-19 -0.000296909 -1.49114e-19 -4.13996e-06 -3.20248e-20  9.05177e-05   8.8502e-20 -2.78281e-05 -4.64533e-20 -4.11939e-06  7.37626e-21
-5.85284e-06  4.54197e-21  8.20084e-05  2.16514e-20 -0.000409178 -1.56617e-19   0.00108711  3.93917e-19  -0.00167792 -5.25285e-19   0.00143337   3.1941e-19 -0.000447677  9.56873e-20 -0.000248772 -3.14885e-19  0.000220916  2.23486e-19 -2.11832e-05 -6.42708e-20 -9.92257e-06
-7.91873e-21 -6.45888e-05  2.16514e-20  0.000491972  6.56862e-20  -0.00176668 -3.46481e-19    0.0036082  6.37787e-19  -0.00428676  -5.1234e-19   0.00257011 -1.35236e-19 -8.27644e-05  7.11554e-19 -0.000793362 -6.78094e-19  0.000315885  2.93411e-19  1.66433e-05 -4.13837e-20
 2.89641e-05 -4.67561e-20 -0.000409178  6.56862e-20   0.00206789  1.37655e-19  -0.00560347 -5.30537e-19   0.00892186  6.43212e-19  -0.00804614 -1.39159e-20   0.00292834 -9.74247e-19   0.00122183  1.31398e-18  -0.00144319 -8.12558e-19  0.000271783  2.16788e-19   4.5667e-05
 3.55899e-20  0.000229004 -1.56617e-19  -0.00176668  1.37655e-19   0.00647061  2.06958e-19   -0.0136258 -5.77536e-19    0.0170154  3.75194e-19   -0.0112608  5.60896e-19   0.00130593 -1.41558e-18   0.00327896  1.31584e-18  -0.00181768 -5.74992e-19  0.000118496  6.27311e-20
-7.59959e-05  1.56241e-19   0.00108711 -3.46481e-19  -0.00560347  2.06958e-19    0.0156531  2.37992e-19    -0.026141 -5.95504e-19    0.0255902  5.36178e-19   -0.0115082  4.40474e-20  -0.00250655 -6.72043e-19   0.00525235  6.53334e-19  -0.00172799 -1.46046e-19  5.81658e-06
-8.44717e-20 -0.000458598  3.93917e-19    0.0036082 -5.30537e-19   -0.0136258  2.37992e-19    0.0300764  3.00511e-19   -0.0404929 -1.28751e-18    0.0308672  2.43376e-18  -0.00762207 -2.23872e-18  -0.00727599  7.91054e-19   0.00634909 -9.10981e-20  -0.00134396  1.22137e-19
 0.000115032 -2.84749e-19  -0.00167792  6.37787e-19   0.00892186 -5.77536e-19    -0.026141  3.00511e-19     0.046977  6.93206e-19   -0.0518647 -3.69299e-18    0.0303717  6.30801e-18 -0.000856261 -4.68097e-18   -0.0112874  1.45604e-18   0.00640148 -5.78936e-19 -0.000881095
 1.21465e-19    0.0005277 -5.25285e-19  -0.00428676  6.43212e-19    0.0170154 -5.95504e-19   -0.0404929  6.93206e-19    0.0611553  1.81256e-18   -0.0566531 -7.66017e-18    0.0249535  9.28017e-18   0.00616616 -4.10595e-18   -0.0135461   7.5727e-19   0.00559009 -2.62842e-19
-9.50504e-05  3.00762e-19   0.00143337  -5.1234e-19  -0.00804614  3.75194e-19    0.0255902 -1.28751e-18   -0.0518647  1.81256e-18    0.0685661  3.52509e-18   -0.0551937 -1.01533e-17     0.017845  6.67593e-18    0.0113426 -3.52097e-20   -0.0137603  5.01973e-19   0.00374966
-1.04481e-19 -0.000296909   3.1941e-19   0.00257011 -1.39159e-20   -0.0112608  5.36178e-19    0.0308672 -3.69299e-18   -0.0566531  3.52509e-18    0.0693175  4.49268e-18   -0.0510055 -6.53553e-18    0.0121838 -2.52899e-18    0.0135356  4.48323e-18   -0.0113912 -2.38088e-18
 2.70883e-05 -1.49114e-19 -0.000447677 -1.35236e-19   0.00292834  5.60896e-19   -0.0115082  2.43376e-18    0.0303717 -7.66017e-18   -0.0551937  4.49268e-18    0.0670052  2.78874e-18   -0.0479392  3.89836e-18    0.0100371 -1.12607e-17    0.0115042  2.96577e-18  -0.00609039
 4.30511e-20 -4.13996e-06  9.56873e-20 -8.27644e-05 -9.74247e-19   0.00130593  4.40474e-20  -0.00762207  6.30801e-18    0.0249535 -1.01533e-17   -0.0510055  2.78874e-18    0.0657346 -2.20141e-18   -0.0487846   1.6077e-17    0.0134274 -1.70792e-17   0.00445688  1.48814e-17
 1.68275e-05 -3.20248e-20 -0.000248772  7.11554e-19   0.00122183 -1.41558e-18  -0.00250655 -2.23872e-18 -0.000856261  9.28017e-18     0.017845 -6.53553e-18   -0.0479392 -2.20141e-18    0.0685727 -6.76746e-18   -0.0561828  1.75075e-17    0.0235527  -5.0366e-18  -0.00337893
 5.83786e-21  9.05177e-05 -3.14885e-19 -0.000793362  1.31398e-18   0.00327896 -6.72043e-19  -0.00727599 -4.68097e-18   0.00616616  6.67593e-18    0.0121838  3.89836e-18   -0.0487846 -6.76746e-18    0.0784027 -1.26001e-17   -0.0715825  2.75697e-17    0.0344789 -4.63545e-17
 -1.2658e-05   8.8502e-20  0.000220916 -6.78094e-19  -0.00144319  1.31584e-18   0.00525235  7.91054e-19   -0.0112874 -4.10595e-18    0.0113426 -2.52899e-18    0.0100371   1.6077e-17   -0.0561828 -1.26001e-17    0.0967614  8.86635e-19   -0.0874854 -9.57144e-18    0.0308425
-1.45133e-20 -2.78281e-05  2.23486e-19  0.000315885 -8.12558e-19  -0.00181768  6.53334e-19   0.00634909  1.45604e-18   -0.0135461 -3.52097e-20    0.0135356 -1.12607e-17    0.0134274  1.75075e-17   -0.0715825  8.86635e-19     0.115511 -3.71459e-17   -0.0834163  9.53357e-17
 4.46736e-07 -4.64533e-20 -2.11832e-05  2.93411e-19  0.000271783 -5.74992e-19  -0.00172799 -9.10981e-20   0.00640148   7.5727e-19   -0.0137603  4.48323e-18    0.0115042 -1.70792e-17    0.0235527  2.75697e-17   -0.0874854 -3.71459e-17     0.112046  5.49106e-17   -0.0480434
 5.22697e-21 -4.11939e-06 -6.42708e-20  1.66433e-05  2.16788e-19  0.000118496 -1.46046e-19  -0.00134396 -5.78936e-19   0.00559009  5.01973e-19   -0.0113912  2.96577e-18   0.00445688  -5.0366e-18    0.0344789 -9.57144e-18   -0.0834163  5.49106e-17    0.0724908 -1.24549e-16
 6.15168e-07  7.37626e-21 -9.92257e-06 -4.13837e-20   4.5667e-05  6.27311e-20  5.81658e-06  1.22137e-19 -0.000881095 -2.62842e-19   0.00374966 -2.38088e-18  -0.00609039  1.48814e-17  -0.00337893 -4.63545e-17    0.0308425  9.53357e-17   -0.0480434 -1.24549e-16    0.0226086
