  1.1956e-05  1.13372e-20 -0.000115253 -1.87273e-19   0.00032816   6.8056e-19 -0.000355923 -8.63767e-19  7.51589e-05  2.02508e-19  6.62736e-05  2.36282e-19 -1.58049e-06 -7.49255e-20 -6.53094e-06  9.23726e-21 -1.32493e-06  -1.2498e-20 -6.28604e-08  1.10612e-21  2.78255e-09
 1.13372e-20  0.000178455  1.28809e-19 -0.000904964 -1.38102e-18   0.00172504  3.57525e-18  -0.00116354 -2.97489e-18 -0.000111193 -2.49793e-19  0.000209624  8.93964e-19  5.28815e-05 -9.53709e-20 -4.07408e-06   3.2347e-20   -2.839e-06 -2.41701e-20 -2.91273e-07  9.54022e-23
-0.000115253  1.28809e-19   0.00123103  7.97218e-19  -0.00399793 -6.04135e-18    0.0052302   1.1325e-17  -0.00183659 -5.58939e-18 -0.000976713 -2.48261e-18  0.000198433  1.50126e-18  0.000149154  1.77003e-20  2.13897e-05  6.99296e-20 -2.90413e-07 -2.45989e-20 -1.53936e-07
-1.87273e-19 -0.000904964  7.97218e-19   0.00522496   3.2848e-18   -0.0118202 -1.84539e-17    0.0104873  2.49841e-17 -0.000637873 -5.31301e-18  -0.00228169 -6.30008e-18 -0.000290637   1.0607e-18  0.000139286   8.9718e-20  4.20294e-05  7.47664e-20  3.28147e-06 -1.52956e-20
  0.00032816 -1.38102e-18  -0.00399793   3.2848e-18    0.0153459  9.88682e-18   -0.0252685 -4.24123e-17    0.0142338  4.03669e-17   0.00374915  1.76951e-18    -0.002651 -8.73849e-18  -0.00105618 -4.67269e-19  -5.6828e-05 -7.51264e-20  2.21273e-05  2.02615e-20  2.17856e-06
  6.8056e-19   0.00172504 -6.04135e-18   -0.0118202  9.88682e-18      0.03333  2.30438e-17   -0.0408646 -7.68755e-17    0.0117857  4.78319e-17   0.00989617  1.53125e-17 -0.000799115 -6.22991e-18  -0.00129733 -1.54606e-18 -0.000246374 -2.81691e-19 -1.07145e-05 -2.35928e-20
-0.000355923  3.57525e-18    0.0052302 -1.84539e-17   -0.0252685  2.30438e-17    0.0560806  4.34986e-17    -0.051546 -1.13861e-16   0.00123867  3.80478e-17    0.0137473  2.85196e-17   0.00261523  9.98729e-19 -0.000579836 -9.38529e-19 -0.000210677  -2.3715e-19 -1.34903e-05
-8.63767e-19  -0.00116354   1.1325e-17    0.0104873 -4.24123e-17   -0.0408646  4.34986e-17     0.076121  6.92329e-17   -0.0517933 -1.41874e-16   -0.0142046  9.51959e-18    0.0118121  3.23302e-17   0.00507142  7.92202e-18  0.000446475   4.8787e-19  -4.3297e-05 -5.62024e-20
 7.51589e-05 -2.97489e-18  -0.00183659  2.49841e-17    0.0142338 -7.68755e-17    -0.051546  6.92329e-17    0.0870715  9.66941e-17   -0.0416847 -1.51964e-16   -0.0284114  -2.8631e-17   0.00425013  2.30352e-17   0.00458924  9.47807e-18  0.000813189  1.04385e-18  3.21994e-05
 2.02508e-19 -0.000111193 -5.58939e-18 -0.000637873  4.03669e-17    0.0117857 -1.13861e-16   -0.0517933  9.66941e-17    0.0885866  1.23402e-16   -0.0254009 -1.40404e-16    -0.036036 -6.04174e-17  -0.00492789  6.39506e-18   0.00183477  5.87591e-18  0.000454138  5.56615e-19
 6.62736e-05 -2.49793e-19 -0.000976713 -5.31301e-18   0.00374915  4.78319e-17   0.00123867 -1.41874e-16   -0.0416847  1.23402e-16    0.0856284   1.4961e-16  -0.00672058 -1.06926e-16   -0.0342854 -7.08932e-17   -0.0104942 -6.47246e-18 -0.000624154  1.66504e-18  6.11237e-05
 2.36282e-19  0.000209624 -2.48261e-18  -0.00228169  1.76951e-18   0.00989617  3.80478e-17   -0.0142046 -1.51964e-16   -0.0254009   1.4961e-16    0.0839603  1.77567e-16     0.012986 -5.41742e-17   -0.0234242  -5.5419e-17  -0.00982638 -8.96641e-18  -0.00117112  -4.8358e-20
-1.58049e-06  8.93964e-19  0.000198433 -6.30008e-18    -0.002651  1.53125e-17    0.0137473  9.51959e-18   -0.0284114 -1.40404e-16  -0.00672058  1.77567e-16    0.0865102  2.07599e-16    0.0324821  7.56423e-18   -0.0077038 -2.50219e-17  -0.00506413 -4.48335e-18 -0.000515671
-7.49255e-20  5.28815e-05  1.50126e-18 -0.000290637 -8.73849e-18 -0.000799115  2.85196e-17    0.0118121  -2.8631e-17    -0.036036 -1.06926e-16     0.012986  2.07599e-16    0.0917082  2.31682e-16    0.0473496  5.73448e-17    0.0053678  3.54981e-19 -0.000834428 -5.56768e-19
-6.53094e-06 -9.53709e-20  0.000149154   1.0607e-18  -0.00105618 -6.22991e-18   0.00261523  3.23302e-17   0.00425013 -6.04174e-17   -0.0342854 -5.41742e-17    0.0324821  2.31682e-16    0.0932997  2.31906e-16    0.0509545  7.44266e-17    0.0100033  8.83931e-18   0.00049312
 9.23726e-21 -4.07408e-06  1.77003e-20  0.000139286 -4.67269e-19  -0.00129733  9.98729e-19   0.00507142  2.30352e-17  -0.00492789 -7.08932e-17   -0.0234242  7.56423e-18    0.0473496  2.31906e-16    0.0836911  1.93831e-16    0.0409167   5.7709e-17   0.00716398  5.22756e-18
-1.32493e-06   3.2347e-20  2.13897e-05   8.9718e-20  -5.6828e-05 -1.54606e-18 -0.000579836  7.92202e-18   0.00458924  6.39506e-18   -0.0104942  -5.5419e-17   -0.0077038  5.73448e-17    0.0509545  1.93831e-16    0.0612345  1.26248e-16     0.023608  2.82869e-17   0.00259311
 -1.2498e-20   -2.839e-06  6.99296e-20  4.20294e-05 -7.51264e-20 -0.000246374 -9.38529e-19  0.000446475  9.47807e-18   0.00183477 -6.47246e-18  -0.00982638 -2.50219e-17    0.0053678  7.44266e-17    0.0409167  1.26248e-16    0.0340211  5.95664e-17   0.00906433  7.73833e-18
-6.28604e-08 -2.41701e-20 -2.90413e-07  7.47664e-20  2.21273e-05 -2.81691e-19 -0.000210677   4.8787e-19  0.000813189  5.87591e-18 -0.000624154 -8.96641e-18  -0.00506413  3.54981e-19    0.0100033   5.7709e-17     0.023608  5.95664e-17    0.0132339  1.83971e-17   0.00194585
 1.10612e-21 -2.91273e-07 -2.45989e-20  3.28147e-06  2.02615e-20 -1.07145e-05  -2.3715e-19  -4.3297e-05  1.04385e-18  0.000454138  1.66504e-18  -0.00117112 -4.48335e-18 -0.000834428  8.83931e-18   0.00716398  2.82869e-17   0.00906433  1.83971e-17   0.00317833  3.02443e-18
 2.78255e-09  9.54022e-23 -1.53936e-07 -1.52956e-20  2.17856e-06 -2.35928e-20 -1.34903e-05 -5.62024e-20  3.21994e-05  5.56615e-19  6.11237e-05  -4.8358e-20 -0.000515671 -5.56768e-19   0.00049312  5.22756e-18   0.00259311  7.73833e-18   0.00194585  3.02443e-18  0.000352392
