 9.61747e-07 -1.60041e-21 -1.24433e-05  2.24531e-20  5.81761e-05 -9.44009e-20 -0.000147736  2.10647e-19  0.000224659 -2.75301e-19 -0.000200595  2.07355e-19  8.28197e-05 -7.77505e-20  1.54482e-05    5.381e-21  -3.1276e-05    2.701e-21  1.05319e-05  9.77666e-22  -6.4551e-07
-1.60041e-21  1.80963e-05 -1.25677e-20 -0.000127714  1.23299e-19   0.00043142 -4.05869e-19 -0.000846792  7.01003e-19   0.00100212 -6.54123e-19 -0.000653443  2.68638e-19  0.000112937  3.19237e-20  0.000144097 -6.11868e-20  -9.9338e-05  7.53863e-21  1.89526e-05  2.99063e-21
-1.24433e-05 -1.25677e-20  0.000161324 -5.73462e-20 -0.000756886  4.31048e-19   0.00193335 -1.10133e-18  -0.00296929  1.36557e-18   0.00269978 -6.81959e-19  -0.00116564 -2.01283e-19 -0.000178479  3.84649e-19  0.000445467 -1.28166e-19  -0.00017419 -5.14781e-21  1.71196e-05
 2.24531e-20 -0.000127714 -5.73462e-20  0.000904585 -1.88278e-19  -0.00307456  1.09613e-18   0.00609808 -2.02122e-18  -0.00735116  1.36008e-18   0.00497971  5.56095e-19  -0.00103731 -1.43686e-18  -0.00102585  7.97781e-19   0.00082311 -1.12764e-19 -0.000197106  -1.7288e-20
 5.81761e-05  1.23299e-19 -0.000756886 -1.88278e-19   0.00357334 -4.68323e-19  -0.00922566  1.96712e-18    0.0144333 -2.00312e-18    -0.013586 -1.01546e-18   0.00641395  3.76367e-18  0.000431025 -3.09731e-18  -0.00224291  9.92267e-19   0.00104822 -4.41614e-20 -0.000138918
-9.44009e-20   0.00043142  4.31048e-19  -0.00307456 -4.68323e-19    0.0105631 -8.39127e-19   -0.0213405  1.95712e-18    0.0265801  1.33334e-18   -0.0192601 -7.23552e-18   0.00535857  8.43412e-18   0.00305574 -4.39693e-18  -0.00320263  8.97825e-19  0.000944149 -7.75114e-21
-0.000147736 -4.05869e-19   0.00193335  1.09613e-18  -0.00922566 -8.39127e-19    0.0242613  -8.2183e-19   -0.0391754 -1.20596e-18    0.0390895  1.01186e-17   -0.0212627 -1.66469e-17   0.00167001  1.27509e-17   0.00555564 -4.75431e-18  -0.00328306  6.57665e-19  0.000538532
 2.10647e-19 -0.000846792 -1.10133e-18   0.00609808  1.96712e-18   -0.0213405  -8.2183e-19    0.0444846  4.78902e-19   -0.0584929 -9.47194e-18    0.0471293   2.3555e-17    -0.018607 -2.59364e-17  -0.00263177  1.48445e-17   0.00640159 -4.16234e-18   -0.0023643  3.72334e-19
 0.000224659  7.01003e-19  -0.00296929 -2.02122e-18    0.0144333  1.95712e-18   -0.0391754  4.78902e-19    0.0667013  3.95613e-18    -0.073037 -2.21814e-17    0.0484575  3.72105e-17   -0.0138168 -3.12554e-17  -0.00469374  1.40531e-17   0.00499644 -2.92734e-18  -0.00101372
-2.75301e-19   0.00100212  1.36557e-18  -0.00735116 -2.00312e-18    0.0265801 -1.20596e-18   -0.0584929  3.95613e-18    0.0841004  9.24089e-18   -0.0793905 -3.51771e-17    0.0456678  4.55777e-17   -0.0111534 -3.07861e-17  -0.00306018  1.09429e-17   0.00231014  -1.4354e-18
-0.000200595 -6.54123e-19   0.00269978  1.36008e-18    -0.013586  1.33334e-18    0.0390895 -9.47194e-18    -0.073037  9.24089e-18    0.0927799  1.46864e-17   -0.0799294 -4.34231e-17    0.0441039  4.58355e-17    -0.013098 -2.53236e-17  0.000872089  6.69729e-18   0.00026245
 2.07355e-19 -0.000653443 -6.81959e-19   0.00497971 -1.01546e-18   -0.0192601  1.01186e-17    0.0471293 -2.21814e-17   -0.0793905  1.46864e-17    0.0949783  1.81572e-17   -0.0805759 -4.41223e-17    0.0470879  3.88539e-17    -0.017767 -1.71524e-17   0.00365721  2.76075e-18
 8.28197e-05  2.68638e-19  -0.00116564  5.56095e-19   0.00641395 -7.23552e-18   -0.0212627   2.3555e-17    0.0484575 -3.51771e-17   -0.0799294  1.81572e-17     0.096781  1.85525e-17   -0.0851144 -3.80274e-17    0.0521433  2.78019e-17   -0.0198204 -9.00263e-18    0.0030814
-7.77505e-20  0.000112937 -2.01283e-19  -0.00103731  3.76367e-18   0.00535857 -1.66469e-17    -0.018607  3.72105e-17    0.0456678 -4.34231e-17   -0.0805759  1.85525e-17     0.102104  1.61019e-17   -0.0905019 -2.80131e-17    0.0519337  1.62876e-17   -0.0155552  -3.1245e-18
 1.54482e-05  3.19237e-20 -0.000178479 -1.43686e-18  0.000431025  8.43412e-18   0.00167001 -2.59364e-17   -0.0138168  4.55777e-17    0.0441039 -4.41223e-17   -0.0851144  1.61019e-17      0.10766   1.2014e-17   -0.0878041 -1.73529e-17    0.0411981  7.25948e-18    -0.007317
   5.381e-21  0.000144097  3.84649e-19  -0.00102585 -3.09731e-18   0.00305574  1.27509e-17  -0.00263177 -3.12554e-17   -0.0111534  4.58355e-17    0.0470879 -3.80274e-17   -0.0905019   1.2014e-17     0.103895  7.62294e-18   -0.0705346 -8.63034e-18    0.0234394  2.08919e-18
 -3.1276e-05 -6.11868e-20  0.000445467  7.97781e-19  -0.00224291 -4.39693e-18   0.00555564  1.48445e-17  -0.00469374 -3.07861e-17    -0.013098  3.88539e-17    0.0521433 -2.80131e-17   -0.0878041  7.62294e-18    0.0838497  3.96404e-18   -0.0431665 -3.15736e-18   0.00807746
   2.701e-21  -9.9338e-05 -1.28166e-19   0.00082311  9.92267e-19  -0.00320263 -4.75431e-18   0.00640159  1.40531e-17  -0.00306018 -2.53236e-17    -0.017767  2.78019e-17    0.0519337 -1.73529e-17   -0.0705346  3.96404e-18     0.052379  1.58403e-18   -0.0183038 -7.14197e-19
 1.05319e-05  7.53863e-21  -0.00017419 -1.12764e-19   0.00104822  8.97825e-19  -0.00328306 -4.16234e-18   0.00499644  1.09429e-17  0.000872089 -1.71524e-17   -0.0198204  1.62876e-17    0.0411981 -8.63034e-18   -0.0431665  1.58403e-18    0.0233546  4.32333e-19  -0.00449046
 9.77666e-22  1.89526e-05 -5.14781e-21 -0.000197106 -4.41614e-20  0.000944149  6.57665e-19   -0.0023643 -2.92734e-18   0.00231014  6.69729e-18   0.00365721 -9.00263e-18   -0.0155552  7.25948e-18    0.0234394 -3.15736e-18   -0.0183038  4.32333e-19   0.00657318  6.70839e-20
 -6.4551e-07  2.99063e-21  1.71196e-05  -1.7288e-20 -0.000138918 -7.75114e-21  0.000538532  3.72334e-19  -0.00101372  -1.4354e-18   0.00026245  2.76075e-18    0.0030814  -3.1245e-18    -0.007317  2.08919e-18   0.00807746 -7.14197e-19  -0.00449046  6.70839e-20  0.000876342
