   0.0614696 -4.34696e-17   -0.0525993  3.69784e-17   -0.0105718 -1.57439e-17   0.00925493  8.11436e-18   0.00374249  2.03221e-18 -0.000858222 -9.15961e-19 -0.000719766 -3.26957e-20 -4.57833e-05  7.66009e-20  4.96476e-05  -9.3438e-21   9.7725e-06 -5.17581e-21  1.01065e-07
-4.34696e-17     0.105586 -1.57704e-17     -0.04109 -1.40376e-17   -0.0248048 -1.63984e-17   0.00762726  1.08283e-17   0.00672469  1.62699e-18 -0.000278732   -8.636e-19   -0.0011253  2.59252e-19  -0.00019276  1.45665e-19  4.99392e-05 -2.10935e-20   1.3488e-05 -5.24981e-21
  -0.0525993 -1.57704e-17    0.0931135  2.83285e-17   -0.0191573 -3.96943e-17   -0.0288613 -1.54902e-17   0.00372751  7.68896e-18   0.00813447 -7.12746e-19  0.000667573 -7.32442e-19  -0.00124777  5.89577e-19 -0.000341282    2.021e-19  1.95502e-05    -2.38e-20  8.71105e-06
 3.69784e-17     -0.04109  2.83285e-17    0.0667399   4.5832e-17  -0.00741885 -3.43392e-17   -0.0280028 -7.42396e-18  0.000456145  2.91306e-18   0.00852426 -3.54476e-18    0.0016267 -8.77663e-19  -0.00112233   7.7791e-19 -0.000427497  2.01026e-19 -1.66563e-05 -1.74771e-20
  -0.0105718 -1.40376e-17   -0.0191573   4.5832e-17    0.0506235  3.71098e-17  -0.00258982  -1.7086e-17   -0.0263748  3.85065e-18  -0.00205904 -1.36484e-19   0.00835275 -5.49609e-18   0.00248571 -1.11054e-18 -0.000798376  7.98042e-19 -0.000409985  1.33759e-19 -2.89159e-05
-1.57439e-17   -0.0248048 -3.96943e-17  -0.00741885  3.71098e-17    0.0425393  1.60838e-17 -0.000155102 -9.58767e-19   -0.0249635  1.28302e-17  -0.00414768 -8.64135e-19   0.00779887 -6.23728e-18   0.00318258  -1.0842e-18 -0.000338956   6.7058e-19 -0.000283014  4.23998e-20
  0.00925493 -1.63984e-17   -0.0288613 -3.43392e-17  -0.00258982  1.60838e-17    0.0379567 -4.33542e-18   0.00145282  8.70006e-18   -0.0238539  1.74717e-17  -0.00605102  -4.6953e-19    0.0068891 -6.03563e-18   0.00362528 -7.10479e-19   0.00014112  4.12661e-19 -0.000108428
 8.11436e-18   0.00762726 -1.54902e-17   -0.0280028  -1.7086e-17 -0.000155102 -4.33542e-18     0.035127  -1.7558e-17   0.00273049  1.20014e-17   -0.0230001  1.84443e-17  -0.00793318 -3.23979e-19   0.00555788 -5.07809e-18   0.00365125 -2.25428e-19  0.000447419  1.27618e-19
  0.00374249  1.08283e-17   0.00372751 -7.42396e-18   -0.0263748 -9.58767e-19   0.00145282  -1.7558e-17    0.0334338 -2.30461e-17   0.00392356  1.17011e-17   -0.0223252  1.71552e-17  -0.00990643 -7.13007e-19   0.00368708 -3.37547e-18   0.00305762   8.0988e-20  0.000397874
 2.03221e-18   0.00672469  7.68896e-18  0.000456145  3.85065e-18   -0.0249635  8.70006e-18   0.00273049 -2.30461e-17    0.0326009 -2.33401e-17   0.00520904  1.04961e-17   -0.0217126  1.45379e-17   -0.0119978 -7.91062e-19   0.00124042 -1.29257e-18   0.00183341  1.26004e-19
-0.000858222  1.62699e-18   0.00813447  2.91306e-18  -0.00205904  1.28302e-17   -0.0238539  1.20014e-17   0.00392356 -2.33401e-17    0.0325183 -2.12001e-17   0.00677409  9.33628e-18   -0.0209338  1.10708e-17   -0.0139688  1.12867e-19   -0.0013718   2.6422e-19  0.000518359
-9.15961e-19 -0.000278732 -7.12746e-19   0.00852426 -1.36484e-19  -0.00414768  1.74717e-17   -0.0230001  1.17011e-17   0.00520904 -2.12001e-17    0.0332036 -1.81871e-17   0.00891189  7.59534e-18   -0.0194388  7.41581e-18   -0.0149233  1.41472e-18  -0.00296896  6.51359e-19
-0.000719766   -8.636e-19  0.000667573 -3.54476e-18   0.00835275 -8.64135e-19  -0.00605102  1.84443e-17   -0.0223252  1.04961e-17   0.00677409 -1.81871e-17    0.0348377 -1.47615e-17    0.0122213  4.92786e-18   -0.0160168     4.58e-18   -0.0132249  1.98771e-18  -0.00238933
-3.26957e-20   -0.0011253 -7.32442e-19    0.0016267 -5.49609e-18   0.00779887  -4.6953e-19  -0.00793318  1.71552e-17   -0.0217126  9.33628e-18   0.00891189 -1.47615e-17    0.0379228 -1.08096e-17    0.0178502  2.65624e-18  -0.00906066  3.19154e-18    -0.008071  1.46758e-18
-4.57833e-05  2.59252e-19  -0.00124777 -8.77663e-19   0.00248571 -6.23728e-18    0.0068891 -3.23979e-19  -0.00990643  1.45379e-17   -0.0209338  7.59534e-18    0.0122213 -1.08096e-17     0.043464 -5.90961e-18    0.0269238  2.41582e-18   0.00110592  2.70755e-18   -0.0020956
 7.66009e-20  -0.00019276  5.89577e-19  -0.00112233 -1.11054e-18   0.00318258 -6.03563e-18   0.00555788 -7.13007e-19   -0.0119978  1.10708e-17   -0.0194388  4.92786e-18    0.0178502 -5.90961e-18    0.0522682 -1.59407e-19    0.0377057  3.57786e-18   0.00930967  1.86295e-18
 4.96476e-05  1.45665e-19 -0.000341282   7.7791e-19 -0.000798376  -1.0842e-18   0.00362528 -5.07809e-18   0.00368708 -7.91062e-19   -0.0139688  7.41581e-18   -0.0160168  2.65624e-18    0.0269238 -1.59407e-19    0.0619254  4.55821e-18    0.0427013  3.71899e-18   0.00896018
 -9.3438e-21  4.99392e-05    2.021e-19 -0.000427497  7.98042e-19 -0.000338956 -7.10479e-19   0.00365125 -3.37547e-18   0.00124042  1.12867e-19   -0.0149233     4.58e-18  -0.00906066  2.41582e-18    0.0377057  4.55821e-18    0.0639744   5.7131e-18    0.0339314  2.04123e-18
  9.7725e-06 -2.10935e-20  1.95502e-05  2.01026e-19 -0.000409985   6.7058e-19   0.00014112 -2.25428e-19   0.00305762 -1.29257e-18   -0.0013718  1.41472e-18   -0.0132249  3.19154e-18   0.00110592  3.57786e-18    0.0427013   5.7131e-18     0.049945   3.5553e-18    0.0153787
-5.17581e-21   1.3488e-05    -2.38e-20 -1.66563e-05  1.33759e-19 -0.000283014  4.12661e-19  0.000447419   8.0988e-20   0.00183341   2.6422e-19  -0.00296896  1.98771e-18    -0.008071  2.70755e-18   0.00930967  3.71899e-18    0.0339314   3.5553e-18    0.0249277   1.0762e-18
 1.01065e-07 -5.24981e-21  8.71105e-06 -1.74771e-20 -2.89159e-05  4.23998e-20 -0.000108428  1.27618e-19  0.000397874  1.26004e-19  0.000518359  6.51359e-19  -0.00238933  1.46758e-18   -0.0020956  1.86295e-18   0.00896018  2.04123e-18    0.0153787   1.0762e-18   0.00582252
