 0.000399678  7.48594e-21  -0.00202875 -8.32234e-20   0.00313489  1.87221e-19  -0.00172899 -1.64964e-19 -0.000286178  5.39545e-20  0.000561793   1.2546e-20 -1.20586e-05 -2.31821e-20 -0.000100822  9.14705e-21  5.26582e-06  1.06878e-21  7.48927e-06 -8.06714e-22 -1.54953e-07
 7.48594e-21   0.00308968   5.9279e-20  -0.00829776 -3.70156e-19   0.00851817  5.94364e-19  -0.00233214 -4.09157e-19  -0.00192148  1.23479e-19   0.00108912   2.5439e-20  0.000276223 -5.75794e-20 -0.000206613  1.90088e-20 -2.08328e-05  3.63105e-21  1.19718e-05  -1.0917e-21
 -0.00202875   5.9279e-20    0.0111192  2.06488e-19   -0.0192715  -8.7921e-19    0.0132792  1.06086e-18 -2.76253e-05 -6.16823e-19  -0.00433767  2.12395e-19  0.000994055  4.39365e-20  0.000782663 -1.09126e-19 -0.000229641  2.75224e-20 -5.99062e-05   6.2427e-21  9.19361e-06
-8.32234e-20  -0.00829776  2.06488e-19    0.0249004   4.4568e-19    -0.030447 -1.37157e-18    0.0134134  1.28485e-18   0.00489685 -7.73603e-19  -0.00608324  3.76899e-19   0.00011413   6.5325e-20   0.00123687 -1.65338e-19 -0.000149129  2.94249e-20 -8.04152e-05  6.69991e-21
  0.00313489 -3.70156e-19   -0.0192715   4.4568e-19    0.0393651  6.58254e-19   -0.0358822 -1.43095e-18    0.0083619  1.10013e-18    0.0100748 -9.89327e-19  -0.00631536  6.30408e-19  -0.00113185  9.52028e-20   0.00144637 -2.08625e-19 -2.52489e-05   2.3636e-20 -6.51869e-05
 1.87221e-19   0.00851817  -8.7921e-19    -0.030447  6.58254e-19    0.0477528  6.33463e-19   -0.0339582 -7.41776e-19    0.0011324  5.99273e-19    0.0135628 -1.33732e-18  -0.00532095  9.01983e-19  -0.00225108  1.41988e-19   0.00140322 -2.30316e-19  6.94678e-05  1.51142e-20
 -0.00172899  5.94364e-19    0.0132792 -1.37157e-18   -0.0358822  6.33463e-19    0.0479558  1.98464e-19   -0.0279274  6.57664e-19  -0.00515051  2.50369e-20    0.0150977 -1.76661e-18  -0.00383356  1.09945e-18  -0.00300612  2.10756e-19    0.0011952  -2.3011e-19  9.10769e-05
-1.64964e-19  -0.00233214  1.06086e-18    0.0134134 -1.43095e-18   -0.0339582  1.98464e-19    0.0432619 -6.40146e-19   -0.0217876   2.3935e-18  -0.00940167 -4.17658e-19    0.0154026 -2.17318e-18  -0.00238206   1.1881e-18  -0.00337283  2.90741e-19  0.000907366  -1.9344e-19
-0.000286178 -4.09157e-19 -2.76253e-05  1.28485e-18    0.0083619 -7.41776e-19   -0.0279274 -6.40146e-19    0.0379875 -1.68774e-18   -0.0173791  4.01167e-18   -0.0120535 -6.42876e-19    0.0152078  -2.5311e-18  -0.00118384  1.22815e-18  -0.00338996  3.25074e-19   0.00057989
 5.39545e-20  -0.00192148 -6.16823e-19   0.00489685  1.10013e-18    0.0011324  6.57664e-19   -0.0217876 -1.68774e-18    0.0342841  -2.6896e-18   -0.0146774  5.22526e-18   -0.0138454 -6.49012e-19    0.0149253 -2.95568e-18 -0.000294405   1.3601e-18  -0.00306164  1.99199e-19
 0.000561793  1.23479e-19  -0.00433767 -7.73603e-19    0.0100748  5.99273e-19  -0.00515051   2.3935e-18   -0.0173791  -2.6896e-18    0.0323277 -3.47659e-18   -0.0131205  6.04435e-18   -0.0152859 -4.99857e-19     0.014736 -3.64175e-18  0.000261377  1.72549e-18  -0.00226829
  1.2546e-20   0.00108912  2.12395e-19  -0.00608324 -9.89327e-19    0.0135628  2.50369e-20  -0.00940167  4.01167e-18   -0.0146774 -3.47659e-18    0.0316788 -4.06273e-18    -0.012298  6.85656e-18   -0.0166553 -3.75734e-19    0.0147196 -4.65401e-18  0.000400021  2.15617e-18
-1.20586e-05   2.5439e-20  0.000994055  3.76899e-19  -0.00631536 -1.33732e-18    0.0150977 -4.17658e-19   -0.0120535  5.22526e-18   -0.0131205 -4.06273e-18    0.0320288 -4.70857e-18   -0.0120326  8.47084e-18   -0.0181189 -6.71389e-19    0.0149258 -5.50673e-18 -0.000120769
-2.31821e-20  0.000276223  4.39365e-20   0.00011413  6.30408e-19  -0.00532095 -1.76661e-18    0.0154026 -6.42876e-19   -0.0138454  6.04435e-18    -0.012298 -4.70857e-18    0.0333226 -5.94955e-18    -0.012317  1.20328e-17   -0.0197936 -2.45484e-18    0.0154104 -4.46693e-18
-0.000100822 -5.75794e-20  0.000782663   6.5325e-20  -0.00113185  9.01983e-19  -0.00383356 -2.17318e-18    0.0152078 -6.49012e-19   -0.0152859  6.85656e-18   -0.0120326 -5.94955e-18    0.0357334 -8.51246e-18   -0.0133078   1.8796e-17   -0.0217921 -7.71159e-18    0.0150179
 9.14705e-21 -0.000206613 -1.09126e-19   0.00123687  9.52028e-20  -0.00225108  1.09945e-18  -0.00238206  -2.5311e-18    0.0149253 -4.99857e-19   -0.0166553  8.47084e-18    -0.012317 -8.51246e-18    0.0397186 -1.31551e-17      -0.0154  3.11572e-17   -0.0231287 -1.90247e-17
 5.26582e-06  1.90088e-20 -0.000229641 -1.65338e-19   0.00144637  1.41988e-19  -0.00300612   1.1881e-18  -0.00118384 -2.95568e-18     0.014736 -3.75734e-19   -0.0181189  1.20328e-17   -0.0133078 -1.31551e-17    0.0462065  -1.9956e-17    -0.020439  5.06301e-17   -0.0159975
 1.06878e-21 -2.08328e-05  2.75224e-20 -0.000149129 -2.08625e-19   0.00140322  2.10756e-19  -0.00337283  1.22815e-18 -0.000294405 -3.64175e-18    0.0147196 -6.71389e-19   -0.0197936   1.8796e-17      -0.0154  -1.9956e-17    0.0581224 -3.44437e-17   -0.0384054  8.83228e-17
 7.48927e-06  3.63105e-21 -5.99062e-05  2.94249e-20 -2.52489e-05 -2.30316e-19    0.0011952  2.90741e-19  -0.00338996   1.3601e-18  0.000261377 -4.65401e-18    0.0149258 -2.45484e-18   -0.0217921  3.11572e-17    -0.020439 -3.44437e-17    0.0874804 -4.79101e-17    -0.077234
-8.06714e-22  1.19718e-05   6.2427e-21 -8.04152e-05   2.3636e-20  6.94678e-05  -2.3011e-19  0.000907366  3.25074e-19  -0.00306164  1.72549e-18  0.000400021 -5.50673e-18    0.0154104 -7.71159e-18   -0.0231287  5.06301e-17   -0.0384054 -4.79101e-17     0.149387  -1.0356e-16
-1.54953e-07  -1.0917e-21  9.19361e-06  6.69991e-21 -6.51869e-05  1.51142e-20  9.10769e-05  -1.9344e-19   0.00057989  1.99199e-19  -0.00226829  2.15617e-18 -0.000120769 -4.46693e-18    0.0150179 -1.90247e-17   -0.0159975  8.83228e-17    -0.077234  -1.0356e-16     0.163878
